Individuo 0: Media: 109.06666666666666, Desvio Padrão: 58.83617556873965
[114.25 212.75 182.   115.    82.25 140.    56.25 137.25 102.25  81.75
 111.5  182.75 125.25 199.75  51.25  41.25 155.5  129.    53.5   41.75
  23.25  38.    50.75 214.75  64.25 154.   197.75 137.    35.75  41.25]
Individuo 1: Media: 109.06666666666666, Desvio Padrão: 58.83617556873965
[114.25 212.75 182.   115.    82.25 140.    56.25 137.25 102.25  81.75
 111.5  182.75 125.25 199.75  51.25  41.25 155.5  129.    53.5   41.75
  23.25  38.    50.75 214.75  64.25 154.   197.75 137.    35.75  41.25]
Individuo 2: Media: 108.09166666666667, Desvio Padrão: 53.1897344157895
[ 62.   212.75 182.   154.25  82.25 140.    69.5  137.25 102.25  81.75
 111.5  104.75 160.75  40.25  51.    55.   155.5  129.    53.5   41.75
  90.   116.25  50.75 214.75  64.25 154.   198.   137.    49.5   41.25]
Individuo 3: Media: 108.875, Desvio Padrão: 54.85426715397809
[ 75.25 212.75 182.   115.    82.25 140.    69.5  193.75 102.25  81.75
 111.75 104.75 125.25  40.25  51.    41.25 155.5  129.25  53.5   41.75
 145.5  116.25  50.75 214.75  64.25 154.   198.   137.    35.75  41.25]
Individuo 4: Media: 108.875, Desvio Padrão: 54.85426715397809
[ 75.25 212.75 182.   115.    82.25 140.    69.5  193.75 102.25  81.75
 111.75 104.75 125.25  40.25  51.    41.25 155.5  129.25  53.5   41.75
 145.5  116.25  50.75 214.75  64.25 154.   198.   137.    35.75  41.25]
Individuo 5: Media: 117.79166666666667, Desvio Padrão: 77.01412433587895
[ 61.75 329.5  100.25  75.    37.75  37.5   59.5  137.25 183.    81.75
 111.25 184.75 128.5  222.75  51.    54.25 228.   129.    52.5   55.75
  54.75  37.5   65.5  264.25  65.5  153.   173.   218.    27.5  153.75]
Individuo 6: Media: 109.79166666666667, Desvio Padrão: 53.774842450309
[ 75.25 212.75 182.   115.    82.25 140.    69.5  193.75 102.25  81.75
 111.75 104.75 125.25  40.25  51.    55.   155.5  129.25  53.5   41.75
 145.5  116.25  50.75 214.75  64.25 154.   198.   137.    49.5   41.25]
Individuo 7: Media: 109.79166666666667, Desvio Padrão: 53.774842450309
[ 75.25 212.75 182.   115.    82.25 140.    69.5  193.75 102.25  81.75
 111.75 104.75 125.25  40.25  51.    55.   155.5  129.25  53.5   41.75
 145.5  116.25  50.75 214.75  64.25 154.   198.   137.    49.5   41.25]
Individuo 8: Media: 108.53333333333333, Desvio Padrão: 52.85915772650522
[ 75.25 212.75 182.   154.25  82.25 140.    69.5  137.25 102.25  81.75
 111.5  104.75 160.75  40.25  51.    55.   155.5  129.    53.5   41.75
  90.   116.25  50.75 214.75  64.25 154.   198.   137.    49.5   41.25]
Individuo 9: Media: 108.53333333333333, Desvio Padrão: 52.85915772650522
[ 75.25 212.75 182.   154.25  82.25 140.    69.5  137.25 102.25  81.75
 111.5  104.75 160.75  40.25  51.    55.   155.5  129.    53.5   41.75
  90.   116.25  50.75 214.75  64.25 154.   198.   137.    49.5   41.25]
Individuo 10: Media: 108.53333333333333, Desvio Padrão: 52.85915772650522
[ 75.25 212.75 182.   154.25  82.25 140.    69.5  137.25 102.25  81.75
 111.5  104.75 160.75  40.25  51.    55.   155.5  129.    53.5   41.75
  90.   116.25  50.75 214.75  64.25 154.   198.   137.    49.5   41.25]
Individuo 11: Media: 108.09166666666667, Desvio Padrão: 53.1897344157895
[ 62.   212.75 182.   154.25  82.25 140.    69.5  137.25 102.25  81.75
 111.5  104.75 160.75  40.25  51.    55.   155.5  129.    53.5   41.75
  90.   116.25  50.75 214.75  64.25 154.   198.   137.    49.5   41.25]
Individuo 12: Media: 108.09166666666667, Desvio Padrão: 53.1897344157895
[ 62.   212.75 182.   154.25  82.25 140.    69.5  137.25 102.25  81.75
 111.5  104.75 160.75  40.25  51.    55.   155.5  129.    53.5   41.75
  90.   116.25  50.75 214.75  64.25 154.   198.   137.    49.5   41.25]
Individuo 13: Media: 108.53333333333333, Desvio Padrão: 52.85915772650522
[ 75.25 212.75 182.   154.25  82.25 140.    69.5  137.25 102.25  81.75
 111.5  104.75 160.75  40.25  51.    55.   155.5  129.    53.5   41.75
  90.   116.25  50.75 214.75  64.25 154.   198.   137.    49.5   41.25]
Individuo 14: Media: 108.09166666666667, Desvio Padrão: 53.1897344157895
[ 62.   212.75 182.   154.25  82.25 140.    69.5  137.25 102.25  81.75
 111.5  104.75 160.75  40.25  51.    55.   155.5  129.    53.5   41.75
  90.   116.25  50.75 214.75  64.25 154.   198.   137.    49.5   41.25]
Individuo 15: Media: 109.79166666666667, Desvio Padrão: 53.774842450309
[ 75.25 212.75 182.   115.    82.25 140.    69.5  193.75 102.25  81.75
 111.75 104.75 125.25  40.25  51.    55.   155.5  129.25  53.5   41.75
 145.5  116.25  50.75 214.75  64.25 154.   198.   137.    49.5   41.25]
Individuo 16: Media: 108.875, Desvio Padrão: 54.85426715397809
[ 75.25 212.75 182.   115.    82.25 140.    69.5  193.75 102.25  81.75
 111.75 104.75 125.25  40.25  51.    41.25 155.5  129.25  53.5   41.75
 145.5  116.25  50.75 214.75  64.25 154.   198.   137.    35.75  41.25]
Individuo 17: Media: 108.53333333333333, Desvio Padrão: 52.85915772650522
[ 75.25 212.75 182.   154.25  82.25 140.    69.5  137.25 102.25  81.75
 111.5  104.75 160.75  40.25  51.    55.   155.5  129.    53.5   41.75
  90.   116.25  50.75 214.75  64.25 154.   198.   137.    49.5   41.25]
Individuo 18: Media: 109.79166666666667, Desvio Padrão: 53.774842450309
[ 75.25 212.75 182.   115.    82.25 140.    69.5  193.75 102.25  81.75
 111.75 104.75 125.25  40.25  51.    55.   155.5  129.25  53.5   41.75
 145.5  116.25  50.75 214.75  64.25 154.   198.   137.    49.5   41.25]
Individuo 19: Media: 109.79166666666667, Desvio Padrão: 53.774842450309
[ 75.25 212.75 182.   115.    82.25 140.    69.5  193.75 102.25  81.75
 111.75 104.75 125.25  40.25  51.    55.   155.5  129.25  53.5   41.75
 145.5  116.25  50.75 214.75  64.25 154.   198.   137.    49.5   41.25]
Individuo 20: Media: 108.875, Desvio Padrão: 54.85426715397809
[ 75.25 212.75 182.   115.    82.25 140.    69.5  193.75 102.25  81.75
 111.75 104.75 125.25  40.25  51.    41.25 155.5  129.25  53.5   41.75
 145.5  116.25  50.75 214.75  64.25 154.   198.   137.    35.75  41.25]
Individuo 21: Media: 108.09166666666667, Desvio Padrão: 53.1897344157895
[ 62.   212.75 182.   154.25  82.25 140.    69.5  137.25 102.25  81.75
 111.5  104.75 160.75  40.25  51.    55.   155.5  129.    53.5   41.75
  90.   116.25  50.75 214.75  64.25 154.   198.   137.    49.5   41.25]
Individuo 22: Media: 108.53333333333333, Desvio Padrão: 52.85915772650522
[ 75.25 212.75 182.   154.25  82.25 140.    69.5  137.25 102.25  81.75
 111.5  104.75 160.75  40.25  51.    55.   155.5  129.    53.5   41.75
  90.   116.25  50.75 214.75  64.25 154.   198.   137.    49.5   41.25]
Individuo 23: Media: 117.79166666666667, Desvio Padrão: 77.01412433587895
[ 61.75 329.5  100.25  75.    37.75  37.5   59.5  137.25 183.    81.75
 111.25 184.75 128.5  222.75  51.    54.25 228.   129.    52.5   55.75
  54.75  37.5   65.5  264.25  65.5  153.   173.   218.    27.5  153.75]
Individuo 24: Media: 118.375, Desvio Padrão: 62.23837742904293
[114.25 212.75 226.5  154.25  82.25 140.    69.75 137.25 102.25  81.75
 111.25 182.75 125.25 223.25  51.25  55.   155.5  129.    53.5   56.25
  89.75  38.    50.75 265.    64.25 154.   197.75 137.    49.5   41.25]
Individuo 25: Media: 108.09166666666667, Desvio Padrão: 53.1897344157895
[ 62.   212.75 182.   154.25  82.25 140.    69.5  137.25 102.25  81.75
 111.5  104.75 160.75  40.25  51.    55.   155.5  129.    53.5   41.75
  90.   116.25  50.75 214.75  64.25 154.   198.   137.    49.5   41.25]
Individuo 26: Media: 109.79166666666667, Desvio Padrão: 53.774842450309
[ 75.25 212.75 182.   115.    82.25 140.    69.5  193.75 102.25  81.75
 111.75 104.75 125.25  40.25  51.    55.   155.5  129.25  53.5   41.75
 145.5  116.25  50.75 214.75  64.25 154.   198.   137.    49.5   41.25]
Individuo 27: Media: 118.375, Desvio Padrão: 62.23837742904293
[114.25 212.75 226.5  154.25  82.25 140.    69.75 137.25 102.25  81.75
 111.25 182.75 125.25 223.25  51.25  55.   155.5  129.    53.5   56.25
  89.75  38.    50.75 265.    64.25 154.   197.75 137.    49.5   41.25]
Individuo 28: Media: 108.875, Desvio Padrão: 54.85426715397809
[ 75.25 212.75 182.   115.    82.25 140.    69.5  193.75 102.25  81.75
 111.75 104.75 125.25  40.25  51.    41.25 155.5  129.25  53.5   41.75
 145.5  116.25  50.75 214.75  64.25 154.   198.   137.    35.75  41.25]
Individuo 29: Media: 108.09166666666667, Desvio Padrão: 53.1897344157895
[ 62.   212.75 182.   154.25  82.25 140.    69.5  137.25 102.25  81.75
 111.5  104.75 160.75  40.25  51.    55.   155.5  129.    53.5   41.75
  90.   116.25  50.75 214.75  64.25 154.   198.   137.    49.5   41.25]
Individuo 30: Media: 109.79166666666667, Desvio Padrão: 53.774842450309
[ 75.25 212.75 182.   115.    82.25 140.    69.5  193.75 102.25  81.75
 111.75 104.75 125.25  40.25  51.    55.   155.5  129.25  53.5   41.75
 145.5  116.25  50.75 214.75  64.25 154.   198.   137.    49.5   41.25]
Individuo 31: Media: 109.79166666666667, Desvio Padrão: 53.774842450309
[ 75.25 212.75 182.   115.    82.25 140.    69.5  193.75 102.25  81.75
 111.75 104.75 125.25  40.25  51.    55.   155.5  129.25  53.5   41.75
 145.5  116.25  50.75 214.75  64.25 154.   198.   137.    49.5   41.25]
Individuo 32: Media: 108.875, Desvio Padrão: 54.85426715397809
[ 75.25 212.75 182.   115.    82.25 140.    69.5  193.75 102.25  81.75
 111.75 104.75 125.25  40.25  51.    41.25 155.5  129.25  53.5   41.75
 145.5  116.25  50.75 214.75  64.25 154.   198.   137.    35.75  41.25]
Individuo 33: Media: 109.79166666666667, Desvio Padrão: 53.774842450309
[ 75.25 212.75 182.   115.    82.25 140.    69.5  193.75 102.25  81.75
 111.75 104.75 125.25  40.25  51.    55.   155.5  129.25  53.5   41.75
 145.5  116.25  50.75 214.75  64.25 154.   198.   137.    49.5   41.25]
Individuo 34: Media: 108.53333333333333, Desvio Padrão: 52.85915772650522
[ 75.25 212.75 182.   154.25  82.25 140.    69.5  137.25 102.25  81.75
 111.5  104.75 160.75  40.25  51.    55.   155.5  129.    53.5   41.75
  90.   116.25  50.75 214.75  64.25 154.   198.   137.    49.5   41.25]
Individuo 35: Media: 108.53333333333333, Desvio Padrão: 52.85915772650522
[ 75.25 212.75 182.   154.25  82.25 140.    69.5  137.25 102.25  81.75
 111.5  104.75 160.75  40.25  51.    55.   155.5  129.    53.5   41.75
  90.   116.25  50.75 214.75  64.25 154.   198.   137.    49.5   41.25]
Individuo 36: Media: 108.53333333333333, Desvio Padrão: 52.85915772650522
[ 75.25 212.75 182.   154.25  82.25 140.    69.5  137.25 102.25  81.75
 111.5  104.75 160.75  40.25  51.    55.   155.5  129.    53.5   41.75
  90.   116.25  50.75 214.75  64.25 154.   198.   137.    49.5   41.25]
Individuo 37: Media: 108.53333333333333, Desvio Padrão: 52.85915772650522
[ 75.25 212.75 182.   154.25  82.25 140.    69.5  137.25 102.25  81.75
 111.5  104.75 160.75  40.25  51.    55.   155.5  129.    53.5   41.75
  90.   116.25  50.75 214.75  64.25 154.   198.   137.    49.5   41.25]
Individuo 38: Media: 108.09166666666667, Desvio Padrão: 53.1897344157895
[ 62.   212.75 182.   154.25  82.25 140.    69.5  137.25 102.25  81.75
 111.5  104.75 160.75  40.25  51.    55.   155.5  129.    53.5   41.75
  90.   116.25  50.75 214.75  64.25 154.   198.   137.    49.5   41.25]
Individuo 39: Media: 108.875, Desvio Padrão: 54.85426715397809
[ 75.25 212.75 182.   115.    82.25 140.    69.5  193.75 102.25  81.75
 111.75 104.75 125.25  40.25  51.    41.25 155.5  129.25  53.5   41.75
 145.5  116.25  50.75 214.75  64.25 154.   198.   137.    35.75  41.25]
Individuo 40: Media: 108.875, Desvio Padrão: 54.85426715397809
[ 75.25 212.75 182.   115.    82.25 140.    69.5  193.75 102.25  81.75
 111.75 104.75 125.25  40.25  51.    41.25 155.5  129.25  53.5   41.75
 145.5  116.25  50.75 214.75  64.25 154.   198.   137.    35.75  41.25]
Individuo 41: Media: 108.09166666666667, Desvio Padrão: 53.1897344157895
[ 62.   212.75 182.   154.25  82.25 140.    69.5  137.25 102.25  81.75
 111.5  104.75 160.75  40.25  51.    55.   155.5  129.    53.5   41.75
  90.   116.25  50.75 214.75  64.25 154.   198.   137.    49.5   41.25]
Individuo 42: Media: 108.53333333333333, Desvio Padrão: 52.85915772650522
[ 75.25 212.75 182.   154.25  82.25 140.    69.5  137.25 102.25  81.75
 111.5  104.75 160.75  40.25  51.    55.   155.5  129.    53.5   41.75
  90.   116.25  50.75 214.75  64.25 154.   198.   137.    49.5   41.25]
Individuo 43: Media: 108.09166666666667, Desvio Padrão: 53.1897344157895
[ 62.   212.75 182.   154.25  82.25 140.    69.5  137.25 102.25  81.75
 111.5  104.75 160.75  40.25  51.    55.   155.5  129.    53.5   41.75
  90.   116.25  50.75 214.75  64.25 154.   198.   137.    49.5   41.25]
Individuo 44: Media: 108.09166666666667, Desvio Padrão: 53.1897344157895
[ 62.   212.75 182.   154.25  82.25 140.    69.5  137.25 102.25  81.75
 111.5  104.75 160.75  40.25  51.    55.   155.5  129.    53.5   41.75
  90.   116.25  50.75 214.75  64.25 154.   198.   137.    49.5   41.25]
Individuo 45: Media: 109.79166666666667, Desvio Padrão: 53.774842450309
[ 75.25 212.75 182.   115.    82.25 140.    69.5  193.75 102.25  81.75
 111.75 104.75 125.25  40.25  51.    55.   155.5  129.25  53.5   41.75
 145.5  116.25  50.75 214.75  64.25 154.   198.   137.    49.5   41.25]
Individuo 46: Media: 108.09166666666667, Desvio Padrão: 53.1897344157895
[ 62.   212.75 182.   154.25  82.25 140.    69.5  137.25 102.25  81.75
 111.5  104.75 160.75  40.25  51.    55.   155.5  129.    53.5   41.75
  90.   116.25  50.75 214.75  64.25 154.   198.   137.    49.5   41.25]
Individuo 47: Media: 108.875, Desvio Padrão: 54.85426715397809
[ 75.25 212.75 182.   115.    82.25 140.    69.5  193.75 102.25  81.75
 111.75 104.75 125.25  40.25  51.    41.25 155.5  129.25  53.5   41.75
 145.5  116.25  50.75 214.75  64.25 154.   198.   137.    35.75  41.25]
Individuo 48: Media: 109.79166666666667, Desvio Padrão: 53.774842450309
[ 75.25 212.75 182.   115.    82.25 140.    69.5  193.75 102.25  81.75
 111.75 104.75 125.25  40.25  51.    55.   155.5  129.25  53.5   41.75
 145.5  116.25  50.75 214.75  64.25 154.   198.   137.    49.5   41.25]
Individuo 49: Media: 109.06666666666666, Desvio Padrão: 58.83617556873965
[114.25 212.75 182.   115.    82.25 140.    56.25 137.25 102.25  81.75
 111.5  182.75 125.25 199.75  51.25  41.25 155.5  129.    53.5   41.75
  23.25  38.    50.75 214.75  64.25 154.   197.75 137.    35.75  41.25]
Individuo 50: Media: 108.53333333333333, Desvio Padrão: 52.85915772650522
[ 75.25 212.75 182.   154.25  82.25 140.    69.5  137.25 102.25  81.75
 111.5  104.75 160.75  40.25  51.    55.   155.5  129.    53.5   41.75
  90.   116.25  50.75 214.75  64.25 154.   198.   137.    49.5   41.25]
Individuo 51: Media: 118.375, Desvio Padrão: 62.23837742904293
[114.25 212.75 226.5  154.25  82.25 140.    69.75 137.25 102.25  81.75
 111.25 182.75 125.25 223.25  51.25  55.   155.5  129.    53.5   56.25
  89.75  38.    50.75 265.    64.25 154.   197.75 137.    49.5   41.25]
Individuo 52: Media: 108.875, Desvio Padrão: 54.85426715397809
[ 75.25 212.75 182.   115.    82.25 140.    69.5  193.75 102.25  81.75
 111.75 104.75 125.25  40.25  51.    41.25 155.5  129.25  53.5   41.75
 145.5  116.25  50.75 214.75  64.25 154.   198.   137.    35.75  41.25]
Individuo 53: Media: 108.09166666666667, Desvio Padrão: 53.1897344157895
[ 62.   212.75 182.   154.25  82.25 140.    69.5  137.25 102.25  81.75
 111.5  104.75 160.75  40.25  51.    55.   155.5  129.    53.5   41.75
  90.   116.25  50.75 214.75  64.25 154.   198.   137.    49.5   41.25]
Individuo 54: Media: 108.53333333333333, Desvio Padrão: 52.85915772650522
[ 75.25 212.75 182.   154.25  82.25 140.    69.5  137.25 102.25  81.75
 111.5  104.75 160.75  40.25  51.    55.   155.5  129.    53.5   41.75
  90.   116.25  50.75 214.75  64.25 154.   198.   137.    49.5   41.25]
Individuo 55: Media: 108.53333333333333, Desvio Padrão: 52.85915772650522
[ 75.25 212.75 182.   154.25  82.25 140.    69.5  137.25 102.25  81.75
 111.5  104.75 160.75  40.25  51.    55.   155.5  129.    53.5   41.75
  90.   116.25  50.75 214.75  64.25 154.   198.   137.    49.5   41.25]
Individuo 56: Media: 108.875, Desvio Padrão: 54.85426715397809
[ 75.25 212.75 182.   115.    82.25 140.    69.5  193.75 102.25  81.75
 111.75 104.75 125.25  40.25  51.    41.25 155.5  129.25  53.5   41.75
 145.5  116.25  50.75 214.75  64.25 154.   198.   137.    35.75  41.25]
Individuo 57: Media: 118.375, Desvio Padrão: 62.23837742904293
[114.25 212.75 226.5  154.25  82.25 140.    69.75 137.25 102.25  81.75
 111.25 182.75 125.25 223.25  51.25  55.   155.5  129.    53.5   56.25
  89.75  38.    50.75 265.    64.25 154.   197.75 137.    49.5   41.25]
Individuo 58: Media: 108.875, Desvio Padrão: 54.85426715397809
[ 75.25 212.75 182.   115.    82.25 140.    69.5  193.75 102.25  81.75
 111.75 104.75 125.25  40.25  51.    41.25 155.5  129.25  53.5   41.75
 145.5  116.25  50.75 214.75  64.25 154.   198.   137.    35.75  41.25]
Individuo 59: Media: 108.53333333333333, Desvio Padrão: 52.85915772650522
[ 75.25 212.75 182.   154.25  82.25 140.    69.5  137.25 102.25  81.75
 111.5  104.75 160.75  40.25  51.    55.   155.5  129.    53.5   41.75
  90.   116.25  50.75 214.75  64.25 154.   198.   137.    49.5   41.25]
Individuo 60: Media: 108.875, Desvio Padrão: 54.85426715397809
[ 75.25 212.75 182.   115.    82.25 140.    69.5  193.75 102.25  81.75
 111.75 104.75 125.25  40.25  51.    41.25 155.5  129.25  53.5   41.75
 145.5  116.25  50.75 214.75  64.25 154.   198.   137.    35.75  41.25]
Individuo 61: Media: 108.09166666666667, Desvio Padrão: 53.1897344157895
[ 62.   212.75 182.   154.25  82.25 140.    69.5  137.25 102.25  81.75
 111.5  104.75 160.75  40.25  51.    55.   155.5  129.    53.5   41.75
  90.   116.25  50.75 214.75  64.25 154.   198.   137.    49.5   41.25]
Individuo 62: Media: 108.875, Desvio Padrão: 54.85426715397809
[ 75.25 212.75 182.   115.    82.25 140.    69.5  193.75 102.25  81.75
 111.75 104.75 125.25  40.25  51.    41.25 155.5  129.25  53.5   41.75
 145.5  116.25  50.75 214.75  64.25 154.   198.   137.    35.75  41.25]
Individuo 63: Media: 108.09166666666667, Desvio Padrão: 53.1897344157895
[ 62.   212.75 182.   154.25  82.25 140.    69.5  137.25 102.25  81.75
 111.5  104.75 160.75  40.25  51.    55.   155.5  129.    53.5   41.75
  90.   116.25  50.75 214.75  64.25 154.   198.   137.    49.5   41.25]
Individuo 64: Media: 108.875, Desvio Padrão: 54.85426715397809
[ 75.25 212.75 182.   115.    82.25 140.    69.5  193.75 102.25  81.75
 111.75 104.75 125.25  40.25  51.    41.25 155.5  129.25  53.5   41.75
 145.5  116.25  50.75 214.75  64.25 154.   198.   137.    35.75  41.25]
Individuo 65: Media: 108.09166666666667, Desvio Padrão: 53.1897344157895
[ 62.   212.75 182.   154.25  82.25 140.    69.5  137.25 102.25  81.75
 111.5  104.75 160.75  40.25  51.    55.   155.5  129.    53.5   41.75
  90.   116.25  50.75 214.75  64.25 154.   198.   137.    49.5   41.25]
Individuo 66: Media: 108.09166666666667, Desvio Padrão: 53.1897344157895
[ 62.   212.75 182.   154.25  82.25 140.    69.5  137.25 102.25  81.75
 111.5  104.75 160.75  40.25  51.    55.   155.5  129.    53.5   41.75
  90.   116.25  50.75 214.75  64.25 154.   198.   137.    49.5   41.25]
Individuo 67: Media: 109.79166666666667, Desvio Padrão: 53.774842450309
[ 75.25 212.75 182.   115.    82.25 140.    69.5  193.75 102.25  81.75
 111.75 104.75 125.25  40.25  51.    55.   155.5  129.25  53.5   41.75
 145.5  116.25  50.75 214.75  64.25 154.   198.   137.    49.5   41.25]
Individuo 68: Media: 108.875, Desvio Padrão: 54.85426715397809
[ 75.25 212.75 182.   115.    82.25 140.    69.5  193.75 102.25  81.75
 111.75 104.75 125.25  40.25  51.    41.25 155.5  129.25  53.5   41.75
 145.5  116.25  50.75 214.75  64.25 154.   198.   137.    35.75  41.25]
Individuo 69: Media: 118.375, Desvio Padrão: 62.23837742904293
[114.25 212.75 226.5  154.25  82.25 140.    69.75 137.25 102.25  81.75
 111.25 182.75 125.25 223.25  51.25  55.   155.5  129.    53.5   56.25
  89.75  38.    50.75 265.    64.25 154.   197.75 137.    49.5   41.25]
Individuo 70: Media: 108.09166666666667, Desvio Padrão: 53.1897344157895
[ 62.   212.75 182.   154.25  82.25 140.    69.5  137.25 102.25  81.75
 111.5  104.75 160.75  40.25  51.    55.   155.5  129.    53.5   41.75
  90.   116.25  50.75 214.75  64.25 154.   198.   137.    49.5   41.25]
Individuo 71: Media: 108.53333333333333, Desvio Padrão: 52.85915772650522
[ 75.25 212.75 182.   154.25  82.25 140.    69.5  137.25 102.25  81.75
 111.5  104.75 160.75  40.25  51.    55.   155.5  129.    53.5   41.75
  90.   116.25  50.75 214.75  64.25 154.   198.   137.    49.5   41.25]
Individuo 72: Media: 109.79166666666667, Desvio Padrão: 53.774842450309
[ 75.25 212.75 182.   115.    82.25 140.    69.5  193.75 102.25  81.75
 111.75 104.75 125.25  40.25  51.    55.   155.5  129.25  53.5   41.75
 145.5  116.25  50.75 214.75  64.25 154.   198.   137.    49.5   41.25]
Individuo 73: Media: 109.79166666666667, Desvio Padrão: 53.774842450309
[ 75.25 212.75 182.   115.    82.25 140.    69.5  193.75 102.25  81.75
 111.75 104.75 125.25  40.25  51.    55.   155.5  129.25  53.5   41.75
 145.5  116.25  50.75 214.75  64.25 154.   198.   137.    49.5   41.25]
Individuo 74: Media: 117.79166666666667, Desvio Padrão: 77.01412433587895
[ 61.75 329.5  100.25  75.    37.75  37.5   59.5  137.25 183.    81.75
 111.25 184.75 128.5  222.75  51.    54.25 228.   129.    52.5   55.75
  54.75  37.5   65.5  264.25  65.5  153.   173.   218.    27.5  153.75]
Individuo 75: Media: 109.79166666666667, Desvio Padrão: 53.774842450309
[ 75.25 212.75 182.   115.    82.25 140.    69.5  193.75 102.25  81.75
 111.75 104.75 125.25  40.25  51.    55.   155.5  129.25  53.5   41.75
 145.5  116.25  50.75 214.75  64.25 154.   198.   137.    49.5   41.25]
Individuo 76: Media: 108.53333333333333, Desvio Padrão: 52.85915772650522
[ 75.25 212.75 182.   154.25  82.25 140.    69.5  137.25 102.25  81.75
 111.5  104.75 160.75  40.25  51.    55.   155.5  129.    53.5   41.75
  90.   116.25  50.75 214.75  64.25 154.   198.   137.    49.5   41.25]
Individuo 77: Media: 108.09166666666667, Desvio Padrão: 53.1897344157895
[ 62.   212.75 182.   154.25  82.25 140.    69.5  137.25 102.25  81.75
 111.5  104.75 160.75  40.25  51.    55.   155.5  129.    53.5   41.75
  90.   116.25  50.75 214.75  64.25 154.   198.   137.    49.5   41.25]
Individuo 78: Media: 97.03333333333333, Desvio Padrão: 50.53566122606446
[ 61.75 212.75 100.5  102.5   82.25  37.75  69.5  137.25 183.25  81.75
 111.25 105.   125.25  40.    51.75  54.5  155.5  129.    52.5   56.25
  54.5   37.5   79.   214.75  64.25 153.5  130.   137.    49.    41.25]
Individuo 79: Media: 109.79166666666667, Desvio Padrão: 53.774842450309
[ 75.25 212.75 182.   115.    82.25 140.    69.5  193.75 102.25  81.75
 111.75 104.75 125.25  40.25  51.    55.   155.5  129.25  53.5   41.75
 145.5  116.25  50.75 214.75  64.25 154.   198.   137.    49.5   41.25]
Individuo 80: Media: 108.53333333333333, Desvio Padrão: 52.85915772650522
[ 75.25 212.75 182.   154.25  82.25 140.    69.5  137.25 102.25  81.75
 111.5  104.75 160.75  40.25  51.    55.   155.5  129.    53.5   41.75
  90.   116.25  50.75 214.75  64.25 154.   198.   137.    49.5   41.25]
Individuo 81: Media: 108.53333333333333, Desvio Padrão: 52.85915772650522
[ 75.25 212.75 182.   154.25  82.25 140.    69.5  137.25 102.25  81.75
 111.5  104.75 160.75  40.25  51.    55.   155.5  129.    53.5   41.75
  90.   116.25  50.75 214.75  64.25 154.   198.   137.    49.5   41.25]
Individuo 82: Media: 108.53333333333333, Desvio Padrão: 52.85915772650522
[ 75.25 212.75 182.   154.25  82.25 140.    69.5  137.25 102.25  81.75
 111.5  104.75 160.75  40.25  51.    55.   155.5  129.    53.5   41.75
  90.   116.25  50.75 214.75  64.25 154.   198.   137.    49.5   41.25]
Individuo 83: Media: 108.53333333333333, Desvio Padrão: 52.85915772650522
[ 75.25 212.75 182.   154.25  82.25 140.    69.5  137.25 102.25  81.75
 111.5  104.75 160.75  40.25  51.    55.   155.5  129.    53.5   41.75
  90.   116.25  50.75 214.75  64.25 154.   198.   137.    49.5   41.25]
Individuo 84: Media: 109.79166666666667, Desvio Padrão: 53.774842450309
[ 75.25 212.75 182.   115.    82.25 140.    69.5  193.75 102.25  81.75
 111.75 104.75 125.25  40.25  51.    55.   155.5  129.25  53.5   41.75
 145.5  116.25  50.75 214.75  64.25 154.   198.   137.    49.5   41.25]
Individuo 85: Media: 108.53333333333333, Desvio Padrão: 52.85915772650522
[ 75.25 212.75 182.   154.25  82.25 140.    69.5  137.25 102.25  81.75
 111.5  104.75 160.75  40.25  51.    55.   155.5  129.    53.5   41.75
  90.   116.25  50.75 214.75  64.25 154.   198.   137.    49.5   41.25]
Individuo 86: Media: 109.06666666666666, Desvio Padrão: 58.83617556873965
[114.25 212.75 182.   115.    82.25 140.    56.25 137.25 102.25  81.75
 111.5  182.75 125.25 199.75  51.25  41.25 155.5  129.    53.5   41.75
  23.25  38.    50.75 214.75  64.25 154.   197.75 137.    35.75  41.25]
Individuo 87: Media: 109.06666666666666, Desvio Padrão: 58.83617556873965
[114.25 212.75 182.   115.    82.25 140.    56.25 137.25 102.25  81.75
 111.5  182.75 125.25 199.75  51.25  41.25 155.5  129.    53.5   41.75
  23.25  38.    50.75 214.75  64.25 154.   197.75 137.    35.75  41.25]
Individuo 88: Media: 108.53333333333333, Desvio Padrão: 52.85915772650522
[ 75.25 212.75 182.   154.25  82.25 140.    69.5  137.25 102.25  81.75
 111.5  104.75 160.75  40.25  51.    55.   155.5  129.    53.5   41.75
  90.   116.25  50.75 214.75  64.25 154.   198.   137.    49.5   41.25]
Individuo 89: Media: 108.53333333333333, Desvio Padrão: 52.85915772650522
[ 75.25 212.75 182.   154.25  82.25 140.    69.5  137.25 102.25  81.75
 111.5  104.75 160.75  40.25  51.    55.   155.5  129.    53.5   41.75
  90.   116.25  50.75 214.75  64.25 154.   198.   137.    49.5   41.25]
Individuo 90: Media: 109.79166666666667, Desvio Padrão: 53.774842450309
[ 75.25 212.75 182.   115.    82.25 140.    69.5  193.75 102.25  81.75
 111.75 104.75 125.25  40.25  51.    55.   155.5  129.25  53.5   41.75
 145.5  116.25  50.75 214.75  64.25 154.   198.   137.    49.5   41.25]
Individuo 91: Media: 109.79166666666667, Desvio Padrão: 53.774842450309
[ 75.25 212.75 182.   115.    82.25 140.    69.5  193.75 102.25  81.75
 111.75 104.75 125.25  40.25  51.    55.   155.5  129.25  53.5   41.75
 145.5  116.25  50.75 214.75  64.25 154.   198.   137.    49.5   41.25]
Individuo 92: Media: 109.06666666666666, Desvio Padrão: 58.83617556873965
[114.25 212.75 182.   115.    82.25 140.    56.25 137.25 102.25  81.75
 111.5  182.75 125.25 199.75  51.25  41.25 155.5  129.    53.5   41.75
  23.25  38.    50.75 214.75  64.25 154.   197.75 137.    35.75  41.25]
Individuo 93: Media: 108.53333333333333, Desvio Padrão: 52.85915772650522
[ 75.25 212.75 182.   154.25  82.25 140.    69.5  137.25 102.25  81.75
 111.5  104.75 160.75  40.25  51.    55.   155.5  129.    53.5   41.75
  90.   116.25  50.75 214.75  64.25 154.   198.   137.    49.5   41.25]
Individuo 94: Media: 108.09166666666667, Desvio Padrão: 53.1897344157895
[ 62.   212.75 182.   154.25  82.25 140.    69.5  137.25 102.25  81.75
 111.5  104.75 160.75  40.25  51.    55.   155.5  129.    53.5   41.75
  90.   116.25  50.75 214.75  64.25 154.   198.   137.    49.5   41.25]
Individuo 95: Media: 109.06666666666666, Desvio Padrão: 58.83617556873965
[114.25 212.75 182.   115.    82.25 140.    56.25 137.25 102.25  81.75
 111.5  182.75 125.25 199.75  51.25  41.25 155.5  129.    53.5   41.75
  23.25  38.    50.75 214.75  64.25 154.   197.75 137.    35.75  41.25]
Individuo 96: Media: 108.53333333333333, Desvio Padrão: 52.85915772650522
[ 75.25 212.75 182.   154.25  82.25 140.    69.5  137.25 102.25  81.75
 111.5  104.75 160.75  40.25  51.    55.   155.5  129.    53.5   41.75
  90.   116.25  50.75 214.75  64.25 154.   198.   137.    49.5   41.25]
Individuo 97: Media: 108.53333333333333, Desvio Padrão: 52.85915772650522
[ 75.25 212.75 182.   154.25  82.25 140.    69.5  137.25 102.25  81.75
 111.5  104.75 160.75  40.25  51.    55.   155.5  129.    53.5   41.75
  90.   116.25  50.75 214.75  64.25 154.   198.   137.    49.5   41.25]
Individuo 98: Media: 109.79166666666667, Desvio Padrão: 53.774842450309
[ 75.25 212.75 182.   115.    82.25 140.    69.5  193.75 102.25  81.75
 111.75 104.75 125.25  40.25  51.    55.   155.5  129.25  53.5   41.75
 145.5  116.25  50.75 214.75  64.25 154.   198.   137.    49.5   41.25]
Individuo 99: Media: 109.79166666666667, Desvio Padrão: 53.774842450309
[ 75.25 212.75 182.   115.    82.25 140.    69.5  193.75 102.25  81.75
 111.75 104.75 125.25  40.25  51.    55.   155.5  129.25  53.5   41.75
 145.5  116.25  50.75 214.75  64.25 154.   198.   137.    49.5   41.25]
Melhor Individuo: 24, Media: 118.375, Desvio Padrão: 62.23837742904293
[114.25 212.75 226.5  154.25  82.25 140.    69.75 137.25 102.25  81.75
 111.25 182.75 125.25 223.25  51.25  55.   155.5  129.    53.5   56.25
  89.75  38.    50.75 265.    64.25 154.   197.75 137.    49.5   41.25]
[-0.9500608442340153, 0.4931683405457319, -0.75777005883232, -0.35921541636814625, 0.09433699628850703, 0.4624090418869009, 0.0911949061605899, -0.05401158441778647, -0.5071338915964199, -0.32123385007872196, 0.05541717671772628, -0.080328556963283, 0.03024246313963963, 0.8618540969774773, 0.18266624878015914, 0.4746317498826014, -0.8429306315137941, 0.7990614686830482, 0.03738362454311067, 0.12420632402390641, 0.884492092952186, -0.4195781488376713, -0.8281885255104691, -0.9893336285939414, -0.8662317191319553, 0.0855888872310327, 0.3631501331014946, 0.9803560834956875, 0.4569463267213576, -0.629927353701208, -0.8182260834083475, 0.2778529086927348]
[['Aluno', np.float64(1.4966305517808286e-23)], [np.float64(1.862645149230957e-09), 'Prof']]
       0     1
0  Aluno   0.0
1    0.0  Prof
/home/gnizama/Documents/Trab2 - IA/Dino/dinoAI7070.py:1066: UserWarning: set_ticklabels() should only be used with a fixed number of ticks, i.e. after set_ticks() or using a FixedLocator.
  boxplots.set_xticklabels(["Aluno", "Professor"])
Gráfico salvo como 'boxplot_xprof.png'
Gráfico salvo como 'melhor_resultado_por_iteracao - 500.png'
Gráfico salvo como 'melhor_resultado_por_iteracao - 1000.png'
Gráfico salvo como 'melhor_resultado_por_iteracao.png'

