Individuo 0: Media: 92.03333333333333, Desvio Padrão: 50.827516060583655
[155.75  37.25 120.75  52.75  86.    39.5  208.   155.5  159.25  75.25
  23.25  48.5  149.   142.    65.75  41.25  45.    92.25  85.    86.75
  47.   105.75  70.    46.    55.5   72.5   40.25 126.   119.   210.25]
Individuo 1: Media: 92.03333333333333, Desvio Padrão: 50.827516060583655
[155.75  37.25 120.75  52.75  86.    39.5  208.   155.5  159.25  75.25
  23.25  48.5  149.   142.    65.75  41.25  45.    92.25  85.    86.75
  47.   105.75  70.    46.    55.5   72.5   40.25 126.   119.   210.25]
Individuo 2: Media: 133.80833333333334, Desvio Padrão: 71.55923197292964
[245.5  210.5  120.75 156.75 114.5  123.25 245.25 210.75 159.25  74.75
  23.25  48.5  149.   270.5  211.75  41.5  269.5  106.    85.    86.75
  61.25 105.75  70.    46.    55.5   85.   183.   126.   119.   209.75]
Individuo 3: Media: 133.80833333333334, Desvio Padrão: 71.55923197292964
[245.5  210.5  120.75 156.75 114.5  123.25 245.25 210.75 159.25  74.75
  23.25  48.5  149.   270.5  211.75  41.5  269.5  106.    85.    86.75
  61.25 105.75  70.    46.    55.5   85.   183.   126.   119.   209.75]
Individuo 4: Media: 92.03333333333333, Desvio Padrão: 50.827516060583655
[155.75  37.25 120.75  52.75  86.    39.5  208.   155.5  159.25  75.25
  23.25  48.5  149.   142.    65.75  41.25  45.    92.25  85.    86.75
  47.   105.75  70.    46.    55.5   72.5   40.25 126.   119.   210.25]
Individuo 5: Media: 92.03333333333333, Desvio Padrão: 50.827516060583655
[155.75  37.25 120.75  52.75  86.    39.5  208.   155.5  159.25  75.25
  23.25  48.5  149.   142.    65.75  41.25  45.    92.25  85.    86.75
  47.   105.75  70.    46.    55.5   72.5   40.25 126.   119.   210.25]
Individuo 6: Media: 133.80833333333334, Desvio Padrão: 71.55923197292964
[245.5  210.5  120.75 156.75 114.5  123.25 245.25 210.75 159.25  74.75
  23.25  48.5  149.   270.5  211.75  41.5  269.5  106.    85.    86.75
  61.25 105.75  70.    46.    55.5   85.   183.   126.   119.   209.75]
Individuo 7: Media: 133.80833333333334, Desvio Padrão: 71.55923197292964
[245.5  210.5  120.75 156.75 114.5  123.25 245.25 210.75 159.25  74.75
  23.25  48.5  149.   270.5  211.75  41.5  269.5  106.    85.    86.75
  61.25 105.75  70.    46.    55.5   85.   183.   126.   119.   209.75]
Individuo 8: Media: 92.03333333333333, Desvio Padrão: 50.827516060583655
[155.75  37.25 120.75  52.75  86.    39.5  208.   155.5  159.25  75.25
  23.25  48.5  149.   142.    65.75  41.25  45.    92.25  85.    86.75
  47.   105.75  70.    46.    55.5   72.5   40.25 126.   119.   210.25]
Individuo 9: Media: 92.03333333333333, Desvio Padrão: 50.827516060583655
[155.75  37.25 120.75  52.75  86.    39.5  208.   155.5  159.25  75.25
  23.25  48.5  149.   142.    65.75  41.25  45.    92.25  85.    86.75
  47.   105.75  70.    46.    55.5   72.5   40.25 126.   119.   210.25]
Individuo 10: Media: 92.03333333333333, Desvio Padrão: 50.827516060583655
[155.75  37.25 120.75  52.75  86.    39.5  208.   155.5  159.25  75.25
  23.25  48.5  149.   142.    65.75  41.25  45.    92.25  85.    86.75
  47.   105.75  70.    46.    55.5   72.5   40.25 126.   119.   210.25]
Individuo 11: Media: 133.80833333333334, Desvio Padrão: 71.55923197292964
[245.5  210.5  120.75 156.75 114.5  123.25 245.25 210.75 159.25  74.75
  23.25  48.5  149.   270.5  211.75  41.5  269.5  106.    85.    86.75
  61.25 105.75  70.    46.    55.5   85.   183.   126.   119.   209.75]
Individuo 12: Media: 92.03333333333333, Desvio Padrão: 50.827516060583655
[155.75  37.25 120.75  52.75  86.    39.5  208.   155.5  159.25  75.25
  23.25  48.5  149.   142.    65.75  41.25  45.    92.25  85.    86.75
  47.   105.75  70.    46.    55.5   72.5   40.25 126.   119.   210.25]
Individuo 13: Media: 92.03333333333333, Desvio Padrão: 50.827516060583655
[155.75  37.25 120.75  52.75  86.    39.5  208.   155.5  159.25  75.25
  23.25  48.5  149.   142.    65.75  41.25  45.    92.25  85.    86.75
  47.   105.75  70.    46.    55.5   72.5   40.25 126.   119.   210.25]
Individuo 14: Media: 133.80833333333334, Desvio Padrão: 71.55923197292964
[245.5  210.5  120.75 156.75 114.5  123.25 245.25 210.75 159.25  74.75
  23.25  48.5  149.   270.5  211.75  41.5  269.5  106.    85.    86.75
  61.25 105.75  70.    46.    55.5   85.   183.   126.   119.   209.75]
Individuo 15: Media: 133.80833333333334, Desvio Padrão: 71.55923197292964
[245.5  210.5  120.75 156.75 114.5  123.25 245.25 210.75 159.25  74.75
  23.25  48.5  149.   270.5  211.75  41.5  269.5  106.    85.    86.75
  61.25 105.75  70.    46.    55.5   85.   183.   126.   119.   209.75]
Individuo 16: Media: 92.03333333333333, Desvio Padrão: 50.827516060583655
[155.75  37.25 120.75  52.75  86.    39.5  208.   155.5  159.25  75.25
  23.25  48.5  149.   142.    65.75  41.25  45.    92.25  85.    86.75
  47.   105.75  70.    46.    55.5   72.5   40.25 126.   119.   210.25]
Individuo 17: Media: 133.80833333333334, Desvio Padrão: 71.55923197292964
[245.5  210.5  120.75 156.75 114.5  123.25 245.25 210.75 159.25  74.75
  23.25  48.5  149.   270.5  211.75  41.5  269.5  106.    85.    86.75
  61.25 105.75  70.    46.    55.5   85.   183.   126.   119.   209.75]
Individuo 18: Media: 92.03333333333333, Desvio Padrão: 50.827516060583655
[155.75  37.25 120.75  52.75  86.    39.5  208.   155.5  159.25  75.25
  23.25  48.5  149.   142.    65.75  41.25  45.    92.25  85.    86.75
  47.   105.75  70.    46.    55.5   72.5   40.25 126.   119.   210.25]
Individuo 19: Media: 133.80833333333334, Desvio Padrão: 71.55923197292964
[245.5  210.5  120.75 156.75 114.5  123.25 245.25 210.75 159.25  74.75
  23.25  48.5  149.   270.5  211.75  41.5  269.5  106.    85.    86.75
  61.25 105.75  70.    46.    55.5   85.   183.   126.   119.   209.75]
Individuo 20: Media: 133.80833333333334, Desvio Padrão: 71.55923197292964
[245.5  210.5  120.75 156.75 114.5  123.25 245.25 210.75 159.25  74.75
  23.25  48.5  149.   270.5  211.75  41.5  269.5  106.    85.    86.75
  61.25 105.75  70.    46.    55.5   85.   183.   126.   119.   209.75]
Individuo 21: Media: 133.80833333333334, Desvio Padrão: 71.55923197292964
[245.5  210.5  120.75 156.75 114.5  123.25 245.25 210.75 159.25  74.75
  23.25  48.5  149.   270.5  211.75  41.5  269.5  106.    85.    86.75
  61.25 105.75  70.    46.    55.5   85.   183.   126.   119.   209.75]
Individuo 22: Media: 133.80833333333334, Desvio Padrão: 71.55923197292964
[245.5  210.5  120.75 156.75 114.5  123.25 245.25 210.75 159.25  74.75
  23.25  48.5  149.   270.5  211.75  41.5  269.5  106.    85.    86.75
  61.25 105.75  70.    46.    55.5   85.   183.   126.   119.   209.75]
Individuo 23: Media: 92.03333333333333, Desvio Padrão: 50.827516060583655
[155.75  37.25 120.75  52.75  86.    39.5  208.   155.5  159.25  75.25
  23.25  48.5  149.   142.    65.75  41.25  45.    92.25  85.    86.75
  47.   105.75  70.    46.    55.5   72.5   40.25 126.   119.   210.25]
Individuo 24: Media: 134.74166666666667, Desvio Padrão: 76.21126019529893
[245.5  210.5  120.75 156.75 114.5  123.25 245.25 210.75 159.25  74.75
  23.25  48.5   46.25 270.5  211.75  41.5  269.25 106.    85.    86.75
  61.25 105.75  70.    46.    55.5   85.   183.   126.   250.   209.75]
Individuo 25: Media: 133.80833333333334, Desvio Padrão: 71.55923197292964
[245.5  210.5  120.75 156.75 114.5  123.25 245.25 210.75 159.25  74.75
  23.25  48.5  149.   270.5  211.75  41.5  269.5  106.    85.    86.75
  61.25 105.75  70.    46.    55.5   85.   183.   126.   119.   209.75]
Individuo 26: Media: 92.03333333333333, Desvio Padrão: 50.827516060583655
[155.75  37.25 120.75  52.75  86.    39.5  208.   155.5  159.25  75.25
  23.25  48.5  149.   142.    65.75  41.25  45.    92.25  85.    86.75
  47.   105.75  70.    46.    55.5   72.5   40.25 126.   119.   210.25]
Individuo 27: Media: 92.03333333333333, Desvio Padrão: 50.827516060583655
[155.75  37.25 120.75  52.75  86.    39.5  208.   155.5  159.25  75.25
  23.25  48.5  149.   142.    65.75  41.25  45.    92.25  85.    86.75
  47.   105.75  70.    46.    55.5   72.5   40.25 126.   119.   210.25]
Individuo 28: Media: 133.80833333333334, Desvio Padrão: 71.55923197292964
[245.5  210.5  120.75 156.75 114.5  123.25 245.25 210.75 159.25  74.75
  23.25  48.5  149.   270.5  211.75  41.5  269.5  106.    85.    86.75
  61.25 105.75  70.    46.    55.5   85.   183.   126.   119.   209.75]
Individuo 29: Media: 133.80833333333334, Desvio Padrão: 71.55923197292964
[245.5  210.5  120.75 156.75 114.5  123.25 245.25 210.75 159.25  74.75
  23.25  48.5  149.   270.5  211.75  41.5  269.5  106.    85.    86.75
  61.25 105.75  70.    46.    55.5   85.   183.   126.   119.   209.75]
Individuo 30: Media: 92.03333333333333, Desvio Padrão: 50.827516060583655
[155.75  37.25 120.75  52.75  86.    39.5  208.   155.5  159.25  75.25
  23.25  48.5  149.   142.    65.75  41.25  45.    92.25  85.    86.75
  47.   105.75  70.    46.    55.5   72.5   40.25 126.   119.   210.25]
Individuo 31: Media: 92.03333333333333, Desvio Padrão: 50.827516060583655
[155.75  37.25 120.75  52.75  86.    39.5  208.   155.5  159.25  75.25
  23.25  48.5  149.   142.    65.75  41.25  45.    92.25  85.    86.75
  47.   105.75  70.    46.    55.5   72.5   40.25 126.   119.   210.25]
Individuo 32: Media: 133.80833333333334, Desvio Padrão: 71.55923197292964
[245.5  210.5  120.75 156.75 114.5  123.25 245.25 210.75 159.25  74.75
  23.25  48.5  149.   270.5  211.75  41.5  269.5  106.    85.    86.75
  61.25 105.75  70.    46.    55.5   85.   183.   126.   119.   209.75]
Individuo 33: Media: 92.03333333333333, Desvio Padrão: 50.827516060583655
[155.75  37.25 120.75  52.75  86.    39.5  208.   155.5  159.25  75.25
  23.25  48.5  149.   142.    65.75  41.25  45.    92.25  85.    86.75
  47.   105.75  70.    46.    55.5   72.5   40.25 126.   119.   210.25]
Individuo 34: Media: 92.03333333333333, Desvio Padrão: 50.827516060583655
[155.75  37.25 120.75  52.75  86.    39.5  208.   155.5  159.25  75.25
  23.25  48.5  149.   142.    65.75  41.25  45.    92.25  85.    86.75
  47.   105.75  70.    46.    55.5   72.5   40.25 126.   119.   210.25]
Individuo 35: Media: 133.80833333333334, Desvio Padrão: 71.55923197292964
[245.5  210.5  120.75 156.75 114.5  123.25 245.25 210.75 159.25  74.75
  23.25  48.5  149.   270.5  211.75  41.5  269.5  106.    85.    86.75
  61.25 105.75  70.    46.    55.5   85.   183.   126.   119.   209.75]
Individuo 36: Media: 24.266666666666666, Desvio Padrão: 0.24944382578492952
[24.5  24.   24.   24.5  24.   24.5  24.   24.   24.5  24.5  23.75 24.
 24.5  24.5  24.25 24.25 24.   24.5  24.5  24.   24.   24.   24.5  24.25
 24.5  24.5  24.   24.5  24.5  24.5 ]
Individuo 37: Media: 133.80833333333334, Desvio Padrão: 71.55923197292964
[245.5  210.5  120.75 156.75 114.5  123.25 245.25 210.75 159.25  74.75
  23.25  48.5  149.   270.5  211.75  41.5  269.5  106.    85.    86.75
  61.25 105.75  70.    46.    55.5   85.   183.   126.   119.   209.75]
Individuo 38: Media: 92.03333333333333, Desvio Padrão: 50.827516060583655
[155.75  37.25 120.75  52.75  86.    39.5  208.   155.5  159.25  75.25
  23.25  48.5  149.   142.    65.75  41.25  45.    92.25  85.    86.75
  47.   105.75  70.    46.    55.5   72.5   40.25 126.   119.   210.25]
Individuo 39: Media: 133.80833333333334, Desvio Padrão: 71.55923197292964
[245.5  210.5  120.75 156.75 114.5  123.25 245.25 210.75 159.25  74.75
  23.25  48.5  149.   270.5  211.75  41.5  269.5  106.    85.    86.75
  61.25 105.75  70.    46.    55.5   85.   183.   126.   119.   209.75]
Individuo 40: Media: 24.266666666666666, Desvio Padrão: 0.24944382578492952
[24.5  24.   24.   24.5  24.   24.5  24.   24.   24.5  24.5  23.75 24.
 24.5  24.5  24.25 24.25 24.   24.5  24.5  24.   24.   24.   24.5  24.25
 24.5  24.5  24.   24.5  24.5  24.5 ]
Individuo 41: Media: 24.266666666666666, Desvio Padrão: 0.24944382578492952
[24.5  24.   24.   24.5  24.   24.5  24.   24.   24.5  24.5  23.75 24.
 24.5  24.5  24.25 24.25 24.   24.5  24.5  24.   24.   24.   24.5  24.25
 24.5  24.5  24.   24.5  24.5  24.5 ]
Individuo 42: Media: 138.28333333333333, Desvio Padrão: 74.46217533456537
[245.5  210.5  120.75 156.75 114.5  123.5  245.25 210.75 159.25  74.75
  23.25  48.5  152.25 270.5  211.75  41.5  269.25 106.    85.    86.75
  61.25 105.75  70.    46.    55.5   85.   183.   126.   250.   209.75]
Individuo 43: Media: 133.80833333333334, Desvio Padrão: 71.55923197292964
[245.5  210.5  120.75 156.75 114.5  123.25 245.25 210.75 159.25  74.75
  23.25  48.5  149.   270.5  211.75  41.5  269.5  106.    85.    86.75
  61.25 105.75  70.    46.    55.5   85.   183.   126.   119.   209.75]
Individuo 44: Media: 133.80833333333334, Desvio Padrão: 71.55923197292964
[245.5  210.5  120.75 156.75 114.5  123.25 245.25 210.75 159.25  74.75
  23.25  48.5  149.   270.5  211.75  41.5  269.5  106.    85.    86.75
  61.25 105.75  70.    46.    55.5   85.   183.   126.   119.   209.75]
Individuo 45: Media: 92.03333333333333, Desvio Padrão: 50.827516060583655
[155.75  37.25 120.75  52.75  86.    39.5  208.   155.5  159.25  75.25
  23.25  48.5  149.   142.    65.75  41.25  45.    92.25  85.    86.75
  47.   105.75  70.    46.    55.5   72.5   40.25 126.   119.   210.25]
Individuo 46: Media: 92.03333333333333, Desvio Padrão: 50.827516060583655
[155.75  37.25 120.75  52.75  86.    39.5  208.   155.5  159.25  75.25
  23.25  48.5  149.   142.    65.75  41.25  45.    92.25  85.    86.75
  47.   105.75  70.    46.    55.5   72.5   40.25 126.   119.   210.25]
Individuo 47: Media: 133.80833333333334, Desvio Padrão: 71.55923197292964
[245.5  210.5  120.75 156.75 114.5  123.25 245.25 210.75 159.25  74.75
  23.25  48.5  149.   270.5  211.75  41.5  269.5  106.    85.    86.75
  61.25 105.75  70.    46.    55.5   85.   183.   126.   119.   209.75]
Individuo 48: Media: 126.65833333333333, Desvio Padrão: 70.86414476933231
[245.5  210.5  120.75 156.5  114.5  123.25 245.25 210.75 159.25  74.75
  23.25 173.25  46.25 270.5   69.25  41.5   48.5  106.    85.    86.75
  61.25 105.75  70.    46.   129.25  85.    91.75 126.   263.75 209.75]
Individuo 49: Media: 92.03333333333333, Desvio Padrão: 50.827516060583655
[155.75  37.25 120.75  52.75  86.    39.5  208.   155.5  159.25  75.25
  23.25  48.5  149.   142.    65.75  41.25  45.    92.25  85.    86.75
  47.   105.75  70.    46.    55.5   72.5   40.25 126.   119.   210.25]
Individuo 50: Media: 133.80833333333334, Desvio Padrão: 71.55923197292964
[245.5  210.5  120.75 156.75 114.5  123.25 245.25 210.75 159.25  74.75
  23.25  48.5  149.   270.5  211.75  41.5  269.5  106.    85.    86.75
  61.25 105.75  70.    46.    55.5   85.   183.   126.   119.   209.75]
Individuo 51: Media: 133.80833333333334, Desvio Padrão: 71.55923197292964
[245.5  210.5  120.75 156.75 114.5  123.25 245.25 210.75 159.25  74.75
  23.25  48.5  149.   270.5  211.75  41.5  269.5  106.    85.    86.75
  61.25 105.75  70.    46.    55.5   85.   183.   126.   119.   209.75]
Individuo 52: Media: 92.03333333333333, Desvio Padrão: 50.827516060583655
[155.75  37.25 120.75  52.75  86.    39.5  208.   155.5  159.25  75.25
  23.25  48.5  149.   142.    65.75  41.25  45.    92.25  85.    86.75
  47.   105.75  70.    46.    55.5   72.5   40.25 126.   119.   210.25]
Individuo 53: Media: 92.03333333333333, Desvio Padrão: 50.827516060583655
[155.75  37.25 120.75  52.75  86.    39.5  208.   155.5  159.25  75.25
  23.25  48.5  149.   142.    65.75  41.25  45.    92.25  85.    86.75
  47.   105.75  70.    46.    55.5   72.5   40.25 126.   119.   210.25]
Individuo 54: Media: 24.266666666666666, Desvio Padrão: 0.24944382578492952
[24.5  24.   24.   24.5  24.   24.5  24.   24.   24.5  24.5  23.75 24.
 24.5  24.5  24.25 24.25 24.   24.5  24.5  24.   24.   24.   24.5  24.25
 24.5  24.5  24.   24.5  24.5  24.5 ]
Individuo 55: Media: 133.80833333333334, Desvio Padrão: 71.55923197292964
[245.5  210.5  120.75 156.75 114.5  123.25 245.25 210.75 159.25  74.75
  23.25  48.5  149.   270.5  211.75  41.5  269.5  106.    85.    86.75
  61.25 105.75  70.    46.    55.5   85.   183.   126.   119.   209.75]
Individuo 56: Media: 92.03333333333333, Desvio Padrão: 50.827516060583655
[155.75  37.25 120.75  52.75  86.    39.5  208.   155.5  159.25  75.25
  23.25  48.5  149.   142.    65.75  41.25  45.    92.25  85.    86.75
  47.   105.75  70.    46.    55.5   72.5   40.25 126.   119.   210.25]
Individuo 57: Media: 92.03333333333333, Desvio Padrão: 50.827516060583655
[155.75  37.25 120.75  52.75  86.    39.5  208.   155.5  159.25  75.25
  23.25  48.5  149.   142.    65.75  41.25  45.    92.25  85.    86.75
  47.   105.75  70.    46.    55.5   72.5   40.25 126.   119.   210.25]
Individuo 58: Media: 92.03333333333333, Desvio Padrão: 50.827516060583655
[155.75  37.25 120.75  52.75  86.    39.5  208.   155.5  159.25  75.25
  23.25  48.5  149.   142.    65.75  41.25  45.    92.25  85.    86.75
  47.   105.75  70.    46.    55.5   72.5   40.25 126.   119.   210.25]
Individuo 59: Media: 92.03333333333333, Desvio Padrão: 50.827516060583655
[155.75  37.25 120.75  52.75  86.    39.5  208.   155.5  159.25  75.25
  23.25  48.5  149.   142.    65.75  41.25  45.    92.25  85.    86.75
  47.   105.75  70.    46.    55.5   72.5   40.25 126.   119.   210.25]
Individuo 60: Media: 92.03333333333333, Desvio Padrão: 50.827516060583655
[155.75  37.25 120.75  52.75  86.    39.5  208.   155.5  159.25  75.25
  23.25  48.5  149.   142.    65.75  41.25  45.    92.25  85.    86.75
  47.   105.75  70.    46.    55.5   72.5   40.25 126.   119.   210.25]
Individuo 61: Media: 138.16666666666666, Desvio Padrão: 74.44579497116602
[245.5  210.5  120.75 156.75 114.5  123.25 245.25 210.75 159.25  74.75
  23.25  48.5  149.   270.5  211.75  41.5  269.25 106.    85.    86.75
  61.25 105.75  70.    46.    55.5   85.   183.   126.   250.   209.75]
Individuo 62: Media: 133.80833333333334, Desvio Padrão: 71.55923197292964
[245.5  210.5  120.75 156.75 114.5  123.25 245.25 210.75 159.25  74.75
  23.25  48.5  149.   270.5  211.75  41.5  269.5  106.    85.    86.75
  61.25 105.75  70.    46.    55.5   85.   183.   126.   119.   209.75]
Individuo 63: Media: 138.16666666666666, Desvio Padrão: 74.44579497116602
[245.5  210.5  120.75 156.75 114.5  123.25 245.25 210.75 159.25  74.75
  23.25  48.5  149.   270.5  211.75  41.5  269.25 106.    85.    86.75
  61.25 105.75  70.    46.    55.5   85.   183.   126.   250.   209.75]
Individuo 64: Media: 133.80833333333334, Desvio Padrão: 71.55923197292964
[245.5  210.5  120.75 156.75 114.5  123.25 245.25 210.75 159.25  74.75
  23.25  48.5  149.   270.5  211.75  41.5  269.5  106.    85.    86.75
  61.25 105.75  70.    46.    55.5   85.   183.   126.   119.   209.75]
Individuo 65: Media: 133.80833333333334, Desvio Padrão: 71.55923197292964
[245.5  210.5  120.75 156.75 114.5  123.25 245.25 210.75 159.25  74.75
  23.25  48.5  149.   270.5  211.75  41.5  269.5  106.    85.    86.75
  61.25 105.75  70.    46.    55.5   85.   183.   126.   119.   209.75]
Individuo 66: Media: 92.03333333333333, Desvio Padrão: 50.827516060583655
[155.75  37.25 120.75  52.75  86.    39.5  208.   155.5  159.25  75.25
  23.25  48.5  149.   142.    65.75  41.25  45.    92.25  85.    86.75
  47.   105.75  70.    46.    55.5   72.5   40.25 126.   119.   210.25]
Individuo 67: Media: 92.025, Desvio Padrão: 50.80815018282008
[155.75  37.25 120.75  52.75  86.    39.5  208.   155.5  159.25  75.25
  23.25  48.5  149.   142.    65.75  41.25  45.    92.25  85.    86.75
  47.   105.75  70.    46.    55.5   72.5   40.25 126.   119.   210.  ]
Individuo 68: Media: 92.025, Desvio Padrão: 50.80815018282008
[155.75  37.25 120.75  52.75  86.    39.5  208.   155.5  159.25  75.25
  23.25  48.5  149.   142.    65.75  41.25  45.    92.25  85.    86.75
  47.   105.75  70.    46.    55.5   72.5   40.25 126.   119.   210.  ]
Individuo 69: Media: 92.03333333333333, Desvio Padrão: 50.827516060583655
[155.75  37.25 120.75  52.75  86.    39.5  208.   155.5  159.25  75.25
  23.25  48.5  149.   142.    65.75  41.25  45.    92.25  85.    86.75
  47.   105.75  70.    46.    55.5   72.5   40.25 126.   119.   210.25]
Individuo 70: Media: 92.025, Desvio Padrão: 50.80815018282008
[155.75  37.25 120.75  52.75  86.    39.5  208.   155.5  159.25  75.25
  23.25  48.5  149.   142.    65.75  41.25  45.    92.25  85.    86.75
  47.   105.75  70.    46.    55.5   72.5   40.25 126.   119.   210.  ]
Individuo 71: Media: 133.80833333333334, Desvio Padrão: 71.55923197292964
[245.5  210.5  120.75 156.75 114.5  123.25 245.25 210.75 159.25  74.75
  23.25  48.5  149.   270.5  211.75  41.5  269.5  106.    85.    86.75
  61.25 105.75  70.    46.    55.5   85.   183.   126.   119.   209.75]
Individuo 72: Media: 133.80833333333334, Desvio Padrão: 71.55923197292964
[245.5  210.5  120.75 156.75 114.5  123.25 245.25 210.75 159.25  74.75
  23.25  48.5  149.   270.5  211.75  41.5  269.5  106.    85.    86.75
  61.25 105.75  70.    46.    55.5   85.   183.   126.   119.   209.75]
Individuo 73: Media: 133.80833333333334, Desvio Padrão: 71.55923197292964
[245.5  210.5  120.75 156.75 114.5  123.25 245.25 210.75 159.25  74.75
  23.25  48.5  149.   270.5  211.75  41.5  269.5  106.    85.    86.75
  61.25 105.75  70.    46.    55.5   85.   183.   126.   119.   209.75]
Individuo 74: Media: 92.03333333333333, Desvio Padrão: 50.827516060583655
[155.75  37.25 120.75  52.75  86.    39.5  208.   155.5  159.25  75.25
  23.25  48.5  149.   142.    65.75  41.25  45.    92.25  85.    86.75
  47.   105.75  70.    46.    55.5   72.5   40.25 126.   119.   210.25]
Individuo 75: Media: 92.025, Desvio Padrão: 50.80815018282008
[155.75  37.25 120.75  52.75  86.    39.5  208.   155.5  159.25  75.25
  23.25  48.5  149.   142.    65.75  41.25  45.    92.25  85.    86.75
  47.   105.75  70.    46.    55.5   72.5   40.25 126.   119.   210.  ]
Individuo 76: Media: 92.03333333333333, Desvio Padrão: 50.827516060583655
[155.75  37.25 120.75  52.75  86.    39.5  208.   155.5  159.25  75.25
  23.25  48.5  149.   142.    65.75  41.25  45.    92.25  85.    86.75
  47.   105.75  70.    46.    55.5   72.5   40.25 126.   119.   210.25]
Individuo 77: Media: 92.03333333333333, Desvio Padrão: 50.827516060583655
[155.75  37.25 120.75  52.75  86.    39.5  208.   155.5  159.25  75.25
  23.25  48.5  149.   142.    65.75  41.25  45.    92.25  85.    86.75
  47.   105.75  70.    46.    55.5   72.5   40.25 126.   119.   210.25]
Individuo 78: Media: 133.80833333333334, Desvio Padrão: 71.55923197292964
[245.5  210.5  120.75 156.75 114.5  123.25 245.25 210.75 159.25  74.75
  23.25  48.5  149.   270.5  211.75  41.5  269.5  106.    85.    86.75
  61.25 105.75  70.    46.    55.5   85.   183.   126.   119.   209.75]
Individuo 79: Media: 92.03333333333333, Desvio Padrão: 50.827516060583655
[155.75  37.25 120.75  52.75  86.    39.5  208.   155.5  159.25  75.25
  23.25  48.5  149.   142.    65.75  41.25  45.    92.25  85.    86.75
  47.   105.75  70.    46.    55.5   72.5   40.25 126.   119.   210.25]
Individuo 80: Media: 92.03333333333333, Desvio Padrão: 50.827516060583655
[155.75  37.25 120.75  52.75  86.    39.5  208.   155.5  159.25  75.25
  23.25  48.5  149.   142.    65.75  41.25  45.    92.25  85.    86.75
  47.   105.75  70.    46.    55.5   72.5   40.25 126.   119.   210.25]
Individuo 81: Media: 133.80833333333334, Desvio Padrão: 71.55923197292964
[245.5  210.5  120.75 156.75 114.5  123.25 245.25 210.75 159.25  74.75
  23.25  48.5  149.   270.5  211.75  41.5  269.5  106.    85.    86.75
  61.25 105.75  70.    46.    55.5   85.   183.   126.   119.   209.75]
Individuo 82: Media: 92.03333333333333, Desvio Padrão: 50.827516060583655
[155.75  37.25 120.75  52.75  86.    39.5  208.   155.5  159.25  75.25
  23.25  48.5  149.   142.    65.75  41.25  45.    92.25  85.    86.75
  47.   105.75  70.    46.    55.5   72.5   40.25 126.   119.   210.25]
Individuo 83: Media: 92.03333333333333, Desvio Padrão: 50.827516060583655
[155.75  37.25 120.75  52.75  86.    39.5  208.   155.5  159.25  75.25
  23.25  48.5  149.   142.    65.75  41.25  45.    92.25  85.    86.75
  47.   105.75  70.    46.    55.5   72.5   40.25 126.   119.   210.25]
Individuo 84: Media: 92.03333333333333, Desvio Padrão: 50.827516060583655
[155.75  37.25 120.75  52.75  86.    39.5  208.   155.5  159.25  75.25
  23.25  48.5  149.   142.    65.75  41.25  45.    92.25  85.    86.75
  47.   105.75  70.    46.    55.5   72.5   40.25 126.   119.   210.25]
Individuo 85: Media: 133.80833333333334, Desvio Padrão: 71.55923197292964
[245.5  210.5  120.75 156.75 114.5  123.25 245.25 210.75 159.25  74.75
  23.25  48.5  149.   270.5  211.75  41.5  269.5  106.    85.    86.75
  61.25 105.75  70.    46.    55.5   85.   183.   126.   119.   209.75]
Individuo 86: Media: 92.03333333333333, Desvio Padrão: 50.827516060583655
[155.75  37.25 120.75  52.75  86.    39.5  208.   155.5  159.25  75.25
  23.25  48.5  149.   142.    65.75  41.25  45.    92.25  85.    86.75
  47.   105.75  70.    46.    55.5   72.5   40.25 126.   119.   210.25]
Individuo 87: Media: 92.03333333333333, Desvio Padrão: 50.827516060583655
[155.75  37.25 120.75  52.75  86.    39.5  208.   155.5  159.25  75.25
  23.25  48.5  149.   142.    65.75  41.25  45.    92.25  85.    86.75
  47.   105.75  70.    46.    55.5   72.5   40.25 126.   119.   210.25]
Individuo 88: Media: 92.03333333333333, Desvio Padrão: 50.827516060583655
[155.75  37.25 120.75  52.75  86.    39.5  208.   155.5  159.25  75.25
  23.25  48.5  149.   142.    65.75  41.25  45.    92.25  85.    86.75
  47.   105.75  70.    46.    55.5   72.5   40.25 126.   119.   210.25]
Individuo 89: Media: 92.03333333333333, Desvio Padrão: 50.827516060583655
[155.75  37.25 120.75  52.75  86.    39.5  208.   155.5  159.25  75.25
  23.25  48.5  149.   142.    65.75  41.25  45.    92.25  85.    86.75
  47.   105.75  70.    46.    55.5   72.5   40.25 126.   119.   210.25]
Individuo 90: Media: 134.74166666666667, Desvio Padrão: 76.21126019529893
[245.5  210.5  120.75 156.75 114.5  123.25 245.25 210.75 159.25  74.75
  23.25  48.5   46.25 270.5  211.75  41.5  269.25 106.    85.    86.75
  61.25 105.75  70.    46.    55.5   85.   183.   126.   250.   209.75]
Individuo 91: Media: 133.80833333333334, Desvio Padrão: 71.55923197292964
[245.5  210.5  120.75 156.75 114.5  123.25 245.25 210.75 159.25  74.75
  23.25  48.5  149.   270.5  211.75  41.5  269.5  106.    85.    86.75
  61.25 105.75  70.    46.    55.5   85.   183.   126.   119.   209.75]
Individuo 92: Media: 92.03333333333333, Desvio Padrão: 50.827516060583655
[155.75  37.25 120.75  52.75  86.    39.5  208.   155.5  159.25  75.25
  23.25  48.5  149.   142.    65.75  41.25  45.    92.25  85.    86.75
  47.   105.75  70.    46.    55.5   72.5   40.25 126.   119.   210.25]
Individuo 93: Media: 133.80833333333334, Desvio Padrão: 71.55923197292964
[245.5  210.5  120.75 156.75 114.5  123.25 245.25 210.75 159.25  74.75
  23.25  48.5  149.   270.5  211.75  41.5  269.5  106.    85.    86.75
  61.25 105.75  70.    46.    55.5   85.   183.   126.   119.   209.75]
Individuo 94: Media: 92.025, Desvio Padrão: 50.80815018282008
[155.75  37.25 120.75  52.75  86.    39.5  208.   155.5  159.25  75.25
  23.25  48.5  149.   142.    65.75  41.25  45.    92.25  85.    86.75
  47.   105.75  70.    46.    55.5   72.5   40.25 126.   119.   210.  ]
Individuo 95: Media: 132.85833333333332, Desvio Padrão: 71.99709726015966
[245.5  210.5  120.75 156.75  86.   123.25 245.25 210.75 159.25  74.75
  23.25  48.5  149.   270.5  211.75  41.5  269.5  106.    85.    86.75
  61.25 105.75  70.    46.    55.5   85.   183.   126.   119.   209.75]
Individuo 96: Media: 133.80833333333334, Desvio Padrão: 71.55923197292964
[245.5  210.5  120.75 156.75 114.5  123.25 245.25 210.75 159.25  74.75
  23.25  48.5  149.   270.5  211.75  41.5  269.5  106.    85.    86.75
  61.25 105.75  70.    46.    55.5   85.   183.   126.   119.   209.75]
Individuo 97: Media: 126.65833333333333, Desvio Padrão: 70.86414476933231
[245.5  210.5  120.75 156.5  114.5  123.25 245.25 210.75 159.25  74.75
  23.25 173.25  46.25 270.5   69.25  41.5   48.5  106.    85.    86.75
  61.25 105.75  70.    46.   129.25  85.    91.75 126.   263.75 209.75]
Individuo 98: Media: 24.108333333333334, Desvio Padrão: 4.114852839274921
[23.25 23.25 23.25 23.5  23.25 23.25 23.5  23.5  23.25 23.25 46.25 23.25
 23.5  23.5  23.75 23.75 23.25 23.25 23.25 23.25 23.25 23.25 23.25 23.75
 23.25 23.25 23.25 23.25 23.25 23.25]
Individuo 99: Media: 92.03333333333333, Desvio Padrão: 50.827516060583655
[155.75  37.25 120.75  52.75  86.    39.5  208.   155.5  159.25  75.25
  23.25  48.5  149.   142.    65.75  41.25  45.    92.25  85.    86.75
  47.   105.75  70.    46.    55.5   72.5   40.25 126.   119.   210.25]
Melhor Individuo: 42, Media: 138.28333333333333, Desvio Padrão: 74.46217533456537
[245.5  210.5  120.75 156.75 114.5  123.5  245.25 210.75 159.25  74.75
  23.25  48.5  152.25 270.5  211.75  41.5  269.25 106.    85.    86.75
  61.25 105.75  70.    46.    55.5   85.   183.   126.   250.   209.75]
[-0.47325589585580685, 0.7575887890090505, 0.7518233326434565, -0.017631548811633424, 0.09544115923985097, 0.8985172956823297, 0.7352210983535599, -0.37411151600441106, 0.476736811609634, -0.5683201192171401, -0.7001060731351889, -0.5028441209739944, 0.883741976040409, -0.7111071385094849, 0.1797540055475395, 0.5986553370494381, 0.6869381061264732, 0.9457016959214131, -0.6438973419488303, 0.08384865765557525, 0.3648846057528268, 0.8131665240889945, 0.9099885161540628, 0.5540021732467215, 0.9733099881037994, 0.334572289992237, 0.8622611015042396, 0.9875924409813941, -0.12823278613819133, 0.9314519899106122, -0.7757290876750726, -0.5040542817773459]
[['Aluno', np.float64(6.198631917169916e-23)], [np.float64(1.862645149230957e-09), 'Prof']]

