Individuo 0: Media: 103.28333333333333, Desvio Padrão: 58.13600194562937
[ 64.   193.25 164.   213.    99.5   67.75  53.5   94.25 116.5  136.5
 176.75 108.    50.75 108.    49.25  37.75  39.5   37.25 108.75  54.5
 174.5  224.75  39.25  37.75  78.5  106.25 201.75 142.5   39.25  81.25]
Individuo 1: Media: 103.29166666666667, Desvio Padrão: 58.13644451250485
[ 64.   193.25 164.   213.    99.5   67.75  53.5   94.25 116.5  136.5
 176.75 108.    50.75 108.    49.25  37.75  39.5   37.25 108.75  54.5
 174.5  224.75  39.25  37.75  78.5  106.5  201.75 142.5   39.25  81.25]
Individuo 2: Media: 103.29166666666667, Desvio Padrão: 58.13644451250485
[ 64.   193.25 164.   213.    99.5   67.75  53.5   94.25 116.5  136.5
 176.75 108.    50.75 108.    49.25  37.75  39.5   37.25 108.75  54.5
 174.5  224.75  39.25  37.75  78.5  106.5  201.75 142.5   39.25  81.25]
Individuo 3: Media: 103.28333333333333, Desvio Padrão: 58.13600194562937
[ 64.   193.25 164.   213.    99.5   67.75  53.5   94.25 116.5  136.5
 176.75 108.    50.75 108.    49.25  37.75  39.5   37.25 108.75  54.5
 174.5  224.75  39.25  37.75  78.5  106.25 201.75 142.5   39.25  81.25]
Individuo 4: Media: 103.28333333333333, Desvio Padrão: 58.13600194562937
[ 64.   193.25 164.   213.    99.5   67.75  53.5   94.25 116.5  136.5
 176.75 108.    50.75 108.    49.25  37.75  39.5   37.25 108.75  54.5
 174.5  224.75  39.25  37.75  78.5  106.25 201.75 142.5   39.25  81.25]
Individuo 5: Media: 103.28333333333333, Desvio Padrão: 58.13600194562937
[ 64.   193.25 164.   213.    99.5   67.75  53.5   94.25 116.5  136.5
 176.75 108.    50.75 108.    49.25  37.75  39.5   37.25 108.75  54.5
 174.5  224.75  39.25  37.75  78.5  106.25 201.75 142.5   39.25  81.25]
Individuo 6: Media: 103.28333333333333, Desvio Padrão: 58.13600194562937
[ 64.   193.25 164.   213.    99.5   67.75  53.5   94.25 116.5  136.5
 176.75 108.    50.75 108.    49.25  37.75  39.5   37.25 108.75  54.5
 174.5  224.75  39.25  37.75  78.5  106.25 201.75 142.5   39.25  81.25]
Individuo 7: Media: 103.28333333333333, Desvio Padrão: 58.13600194562937
[ 64.   193.25 164.   213.    99.5   67.75  53.5   94.25 116.5  136.5
 176.75 108.    50.75 108.    49.25  37.75  39.5   37.25 108.75  54.5
 174.5  224.75  39.25  37.75  78.5  106.25 201.75 142.5   39.25  81.25]
Individuo 8: Media: 103.28333333333333, Desvio Padrão: 58.13600194562937
[ 64.   193.25 164.   213.    99.5   67.75  53.5   94.25 116.5  136.5
 176.75 108.    50.75 108.    49.25  37.75  39.5   37.25 108.75  54.5
 174.5  224.75  39.25  37.75  78.5  106.25 201.75 142.5   39.25  81.25]
Individuo 9: Media: 103.28333333333333, Desvio Padrão: 58.13600194562937
[ 64.   193.25 164.   213.    99.5   67.75  53.5   94.25 116.5  136.5
 176.75 108.    50.75 108.    49.25  37.75  39.5   37.25 108.75  54.5
 174.5  224.75  39.25  37.75  78.5  106.25 201.75 142.5   39.25  81.25]
Individuo 10: Media: 103.28333333333333, Desvio Padrão: 58.13600194562937
[ 64.   193.25 164.   213.    99.5   67.75  53.5   94.25 116.5  136.5
 176.75 108.    50.75 108.    49.25  37.75  39.5   37.25 108.75  54.5
 174.5  224.75  39.25  37.75  78.5  106.25 201.75 142.5   39.25  81.25]
Individuo 11: Media: 103.28333333333333, Desvio Padrão: 58.13600194562937
[ 64.   193.25 164.   213.    99.5   67.75  53.5   94.25 116.5  136.5
 176.75 108.    50.75 108.    49.25  37.75  39.5   37.25 108.75  54.5
 174.5  224.75  39.25  37.75  78.5  106.25 201.75 142.5   39.25  81.25]
Individuo 12: Media: 103.28333333333333, Desvio Padrão: 58.13600194562937
[ 64.   193.25 164.   213.    99.5   67.75  53.5   94.25 116.5  136.5
 176.75 108.    50.75 108.    49.25  37.75  39.5   37.25 108.75  54.5
 174.5  224.75  39.25  37.75  78.5  106.25 201.75 142.5   39.25  81.25]
Individuo 13: Media: 103.28333333333333, Desvio Padrão: 58.13600194562937
[ 64.   193.25 164.   213.    99.5   67.75  53.5   94.25 116.5  136.5
 176.75 108.    50.75 108.    49.25  37.75  39.5   37.25 108.75  54.5
 174.5  224.75  39.25  37.75  78.5  106.25 201.75 142.5   39.25  81.25]
Individuo 14: Media: 103.28333333333333, Desvio Padrão: 58.13600194562937
[ 64.   193.25 164.   213.    99.5   67.75  53.5   94.25 116.5  136.5
 176.75 108.    50.75 108.    49.25  37.75  39.5   37.25 108.75  54.5
 174.5  224.75  39.25  37.75  78.5  106.25 201.75 142.5   39.25  81.25]
Individuo 15: Media: 103.28333333333333, Desvio Padrão: 58.13600194562937
[ 64.   193.25 164.   213.    99.5   67.75  53.5   94.25 116.5  136.5
 176.75 108.    50.75 108.    49.25  37.75  39.5   37.25 108.75  54.5
 174.5  224.75  39.25  37.75  78.5  106.25 201.75 142.5   39.25  81.25]
Individuo 16: Media: 103.28333333333333, Desvio Padrão: 58.13600194562937
[ 64.   193.25 164.   213.    99.5   67.75  53.5   94.25 116.5  136.5
 176.75 108.    50.75 108.    49.25  37.75  39.5   37.25 108.75  54.5
 174.5  224.75  39.25  37.75  78.5  106.25 201.75 142.5   39.25  81.25]
Individuo 17: Media: 99.23333333333333, Desvio Padrão: 58.809116829129664
[ 49.5  193.25 150.5  213.    99.5   81.    66.75  65.    38.25  58.25
 177.25  94.75  39.   108.    35.75  37.75  24.5   23.5   94.75  41.25
 174.75 224.75 195.    37.75 115.   107.25  96.   128.5  125.25  81.25]
Individuo 18: Media: 103.28333333333333, Desvio Padrão: 58.13600194562937
[ 64.   193.25 164.   213.    99.5   67.75  53.5   94.25 116.5  136.5
 176.75 108.    50.75 108.    49.25  37.75  39.5   37.25 108.75  54.5
 174.5  224.75  39.25  37.75  78.5  106.25 201.75 142.5   39.25  81.25]
Individuo 19: Media: 103.28333333333333, Desvio Padrão: 58.13600194562937
[ 64.   193.25 164.   213.    99.5   67.75  53.5   94.25 116.5  136.5
 176.75 108.    50.75 108.    49.25  37.75  39.5   37.25 108.75  54.5
 174.5  224.75  39.25  37.75  78.5  106.25 201.75 142.5   39.25  81.25]
Individuo 20: Media: 103.29166666666667, Desvio Padrão: 58.13644451250485
[ 64.   193.25 164.   213.    99.5   67.75  53.5   94.25 116.5  136.5
 176.75 108.    50.75 108.    49.25  37.75  39.5   37.25 108.75  54.5
 174.5  224.75  39.25  37.75  78.5  106.5  201.75 142.5   39.25  81.25]
Individuo 21: Media: 103.28333333333333, Desvio Padrão: 58.13600194562937
[ 64.   193.25 164.   213.    99.5   67.75  53.5   94.25 116.5  136.5
 176.75 108.    50.75 108.    49.25  37.75  39.5   37.25 108.75  54.5
 174.5  224.75  39.25  37.75  78.5  106.25 201.75 142.5   39.25  81.25]
Individuo 22: Media: 103.28333333333333, Desvio Padrão: 58.13600194562937
[ 64.   193.25 164.   213.    99.5   67.75  53.5   94.25 116.5  136.5
 176.75 108.    50.75 108.    49.25  37.75  39.5   37.25 108.75  54.5
 174.5  224.75  39.25  37.75  78.5  106.25 201.75 142.5   39.25  81.25]
Individuo 23: Media: 103.28333333333333, Desvio Padrão: 58.13600194562937
[ 64.   193.25 164.   213.    99.5   67.75  53.5   94.25 116.5  136.5
 176.75 108.    50.75 108.    49.25  37.75  39.5   37.25 108.75  54.5
 174.5  224.75  39.25  37.75  78.5  106.25 201.75 142.5   39.25  81.25]
Individuo 24: Media: 103.28333333333333, Desvio Padrão: 58.13600194562937
[ 64.   193.25 164.   213.    99.5   67.75  53.5   94.25 116.5  136.5
 176.75 108.    50.75 108.    49.25  37.75  39.5   37.25 108.75  54.5
 174.5  224.75  39.25  37.75  78.5  106.25 201.75 142.5   39.25  81.25]
Individuo 25: Media: 103.28333333333333, Desvio Padrão: 58.13600194562937
[ 64.   193.25 164.   213.    99.5   67.75  53.5   94.25 116.5  136.5
 176.75 108.    50.75 108.    49.25  37.75  39.5   37.25 108.75  54.5
 174.5  224.75  39.25  37.75  78.5  106.25 201.75 142.5   39.25  81.25]
Individuo 26: Media: 103.28333333333333, Desvio Padrão: 58.13600194562937
[ 64.   193.25 164.   213.    99.5   67.75  53.5   94.25 116.5  136.5
 176.75 108.    50.75 108.    49.25  37.75  39.5   37.25 108.75  54.5
 174.5  224.75  39.25  37.75  78.5  106.25 201.75 142.5   39.25  81.25]
Individuo 27: Media: 103.28333333333333, Desvio Padrão: 58.13600194562937
[ 64.   193.25 164.   213.    99.5   67.75  53.5   94.25 116.5  136.5
 176.75 108.    50.75 108.    49.25  37.75  39.5   37.25 108.75  54.5
 174.5  224.75  39.25  37.75  78.5  106.25 201.75 142.5   39.25  81.25]
Individuo 28: Media: 103.28333333333333, Desvio Padrão: 58.13600194562937
[ 64.   193.25 164.   213.    99.5   67.75  53.5   94.25 116.5  136.5
 176.75 108.    50.75 108.    49.25  37.75  39.5   37.25 108.75  54.5
 174.5  224.75  39.25  37.75  78.5  106.25 201.75 142.5   39.25  81.25]
Individuo 29: Media: 103.28333333333333, Desvio Padrão: 58.13600194562937
[ 64.   193.25 164.   213.    99.5   67.75  53.5   94.25 116.5  136.5
 176.75 108.    50.75 108.    49.25  37.75  39.5   37.25 108.75  54.5
 174.5  224.75  39.25  37.75  78.5  106.25 201.75 142.5   39.25  81.25]
Individuo 30: Media: 103.28333333333333, Desvio Padrão: 58.13600194562937
[ 64.   193.25 164.   213.    99.5   67.75  53.5   94.25 116.5  136.5
 176.75 108.    50.75 108.    49.25  37.75  39.5   37.25 108.75  54.5
 174.5  224.75  39.25  37.75  78.5  106.25 201.75 142.5   39.25  81.25]
Individuo 31: Media: 103.28333333333333, Desvio Padrão: 58.13600194562937
[ 64.   193.25 164.   213.    99.5   67.75  53.5   94.25 116.5  136.5
 176.75 108.    50.75 108.    49.25  37.75  39.5   37.25 108.75  54.5
 174.5  224.75  39.25  37.75  78.5  106.25 201.75 142.5   39.25  81.25]
Individuo 32: Media: 103.28333333333333, Desvio Padrão: 58.13600194562937
[ 64.   193.25 164.   213.    99.5   67.75  53.5   94.25 116.5  136.5
 176.75 108.    50.75 108.    49.25  37.75  39.5   37.25 108.75  54.5
 174.5  224.75  39.25  37.75  78.5  106.25 201.75 142.5   39.25  81.25]
Individuo 33: Media: 103.28333333333333, Desvio Padrão: 58.13600194562937
[ 64.   193.25 164.   213.    99.5   67.75  53.5   94.25 116.5  136.5
 176.75 108.    50.75 108.    49.25  37.75  39.5   37.25 108.75  54.5
 174.5  224.75  39.25  37.75  78.5  106.25 201.75 142.5   39.25  81.25]
Individuo 34: Media: 103.28333333333333, Desvio Padrão: 58.13600194562937
[ 64.   193.25 164.   213.    99.5   67.75  53.5   94.25 116.5  136.5
 176.75 108.    50.75 108.    49.25  37.75  39.5   37.25 108.75  54.5
 174.5  224.75  39.25  37.75  78.5  106.25 201.75 142.5   39.25  81.25]
Individuo 35: Media: 103.28333333333333, Desvio Padrão: 58.13600194562937
[ 64.   193.25 164.   213.    99.5   67.75  53.5   94.25 116.5  136.5
 176.75 108.    50.75 108.    49.25  37.75  39.5   37.25 108.75  54.5
 174.5  224.75  39.25  37.75  78.5  106.25 201.75 142.5   39.25  81.25]
Individuo 36: Media: 103.28333333333333, Desvio Padrão: 58.13600194562937
[ 64.   193.25 164.   213.    99.5   67.75  53.5   94.25 116.5  136.5
 176.75 108.    50.75 108.    49.25  37.75  39.5   37.25 108.75  54.5
 174.5  224.75  39.25  37.75  78.5  106.25 201.75 142.5   39.25  81.25]
Individuo 37: Media: 103.28333333333333, Desvio Padrão: 58.13600194562937
[ 64.   193.25 164.   213.    99.5   67.75  53.5   94.25 116.5  136.5
 176.75 108.    50.75 108.    49.25  37.75  39.5   37.25 108.75  54.5
 174.5  224.75  39.25  37.75  78.5  106.25 201.75 142.5   39.25  81.25]
Individuo 38: Media: 104.14166666666667, Desvio Padrão: 59.91249463917263
[ 64.   193.25 164.   238.75  99.5   67.75  53.5   94.25 116.5  136.5
 176.75 108.    50.75 108.    49.25  37.75  39.5   37.25 108.75  54.5
 174.5  224.75  39.25  37.75  78.5  106.25 201.75 142.5   39.25  81.25]
Individuo 39: Media: 103.28333333333333, Desvio Padrão: 58.13600194562937
[ 64.   193.25 164.   213.    99.5   67.75  53.5   94.25 116.5  136.5
 176.75 108.    50.75 108.    49.25  37.75  39.5   37.25 108.75  54.5
 174.5  224.75  39.25  37.75  78.5  106.25 201.75 142.5   39.25  81.25]
Individuo 40: Media: 103.28333333333333, Desvio Padrão: 58.13600194562937
[ 64.   193.25 164.   213.    99.5   67.75  53.5   94.25 116.5  136.5
 176.75 108.    50.75 108.    49.25  37.75  39.5   37.25 108.75  54.5
 174.5  224.75  39.25  37.75  78.5  106.25 201.75 142.5   39.25  81.25]
Individuo 41: Media: 103.28333333333333, Desvio Padrão: 58.13600194562937
[ 64.   193.25 164.   213.    99.5   67.75  53.5   94.25 116.5  136.5
 176.75 108.    50.75 108.    49.25  37.75  39.5   37.25 108.75  54.5
 174.5  224.75  39.25  37.75  78.5  106.25 201.75 142.5   39.25  81.25]
Individuo 42: Media: 103.29166666666667, Desvio Padrão: 58.13644451250485
[ 64.   193.25 164.   213.    99.5   67.75  53.5   94.25 116.5  136.5
 176.75 108.    50.75 108.    49.25  37.75  39.5   37.25 108.75  54.5
 174.5  224.75  39.25  37.75  78.5  106.5  201.75 142.5   39.25  81.25]
Individuo 43: Media: 103.28333333333333, Desvio Padrão: 58.13600194562937
[ 64.   193.25 164.   213.    99.5   67.75  53.5   94.25 116.5  136.5
 176.75 108.    50.75 108.    49.25  37.75  39.5   37.25 108.75  54.5
 174.5  224.75  39.25  37.75  78.5  106.25 201.75 142.5   39.25  81.25]
Individuo 44: Media: 103.28333333333333, Desvio Padrão: 58.13600194562937
[ 64.   193.25 164.   213.    99.5   67.75  53.5   94.25 116.5  136.5
 176.75 108.    50.75 108.    49.25  37.75  39.5   37.25 108.75  54.5
 174.5  224.75  39.25  37.75  78.5  106.25 201.75 142.5   39.25  81.25]
Individuo 45: Media: 103.28333333333333, Desvio Padrão: 58.13600194562937
[ 64.   193.25 164.   213.    99.5   67.75  53.5   94.25 116.5  136.5
 176.75 108.    50.75 108.    49.25  37.75  39.5   37.25 108.75  54.5
 174.5  224.75  39.25  37.75  78.5  106.25 201.75 142.5   39.25  81.25]
Individuo 46: Media: 103.28333333333333, Desvio Padrão: 58.13600194562937
[ 64.   193.25 164.   213.    99.5   67.75  53.5   94.25 116.5  136.5
 176.75 108.    50.75 108.    49.25  37.75  39.5   37.25 108.75  54.5
 174.5  224.75  39.25  37.75  78.5  106.25 201.75 142.5   39.25  81.25]
Individuo 47: Media: 103.28333333333333, Desvio Padrão: 58.13600194562937
[ 64.   193.25 164.   213.    99.5   67.75  53.5   94.25 116.5  136.5
 176.75 108.    50.75 108.    49.25  37.75  39.5   37.25 108.75  54.5
 174.5  224.75  39.25  37.75  78.5  106.25 201.75 142.5   39.25  81.25]
Individuo 48: Media: 103.28333333333333, Desvio Padrão: 58.13600194562937
[ 64.   193.25 164.   213.    99.5   67.75  53.5   94.25 116.5  136.5
 176.75 108.    50.75 108.    49.25  37.75  39.5   37.25 108.75  54.5
 174.5  224.75  39.25  37.75  78.5  106.25 201.75 142.5   39.25  81.25]
Individuo 49: Media: 103.28333333333333, Desvio Padrão: 58.13600194562937
[ 64.   193.25 164.   213.    99.5   67.75  53.5   94.25 116.5  136.5
 176.75 108.    50.75 108.    49.25  37.75  39.5   37.25 108.75  54.5
 174.5  224.75  39.25  37.75  78.5  106.25 201.75 142.5   39.25  81.25]
Individuo 50: Media: 103.28333333333333, Desvio Padrão: 58.13600194562937
[ 64.   193.25 164.   213.    99.5   67.75  53.5   94.25 116.5  136.5
 176.75 108.    50.75 108.    49.25  37.75  39.5   37.25 108.75  54.5
 174.5  224.75  39.25  37.75  78.5  106.25 201.75 142.5   39.25  81.25]
Individuo 51: Media: 103.28333333333333, Desvio Padrão: 58.13600194562937
[ 64.   193.25 164.   213.    99.5   67.75  53.5   94.25 116.5  136.5
 176.75 108.    50.75 108.    49.25  37.75  39.5   37.25 108.75  54.5
 174.5  224.75  39.25  37.75  78.5  106.25 201.75 142.5   39.25  81.25]
Individuo 52: Media: 103.28333333333333, Desvio Padrão: 58.13600194562937
[ 64.   193.25 164.   213.    99.5   67.75  53.5   94.25 116.5  136.5
 176.75 108.    50.75 108.    49.25  37.75  39.5   37.25 108.75  54.5
 174.5  224.75  39.25  37.75  78.5  106.25 201.75 142.5   39.25  81.25]
Individuo 53: Media: 103.28333333333333, Desvio Padrão: 58.13600194562937
[ 64.   193.25 164.   213.    99.5   67.75  53.5   94.25 116.5  136.5
 176.75 108.    50.75 108.    49.25  37.75  39.5   37.25 108.75  54.5
 174.5  224.75  39.25  37.75  78.5  106.25 201.75 142.5   39.25  81.25]
Individuo 54: Media: 103.28333333333333, Desvio Padrão: 58.13600194562937
[ 64.   193.25 164.   213.    99.5   67.75  53.5   94.25 116.5  136.5
 176.75 108.    50.75 108.    49.25  37.75  39.5   37.25 108.75  54.5
 174.5  224.75  39.25  37.75  78.5  106.25 201.75 142.5   39.25  81.25]
Individuo 55: Media: 104.14166666666667, Desvio Padrão: 59.91249463917263
[ 64.   193.25 164.   238.75  99.5   67.75  53.5   94.25 116.5  136.5
 176.75 108.    50.75 108.    49.25  37.75  39.5   37.25 108.75  54.5
 174.5  224.75  39.25  37.75  78.5  106.25 201.75 142.5   39.25  81.25]
Individuo 56: Media: 103.28333333333333, Desvio Padrão: 58.13600194562937
[ 64.   193.25 164.   213.    99.5   67.75  53.5   94.25 116.5  136.5
 176.75 108.    50.75 108.    49.25  37.75  39.5   37.25 108.75  54.5
 174.5  224.75  39.25  37.75  78.5  106.25 201.75 142.5   39.25  81.25]
Individuo 57: Media: 103.28333333333333, Desvio Padrão: 58.13600194562937
[ 64.   193.25 164.   213.    99.5   67.75  53.5   94.25 116.5  136.5
 176.75 108.    50.75 108.    49.25  37.75  39.5   37.25 108.75  54.5
 174.5  224.75  39.25  37.75  78.5  106.25 201.75 142.5   39.25  81.25]
Individuo 58: Media: 103.28333333333333, Desvio Padrão: 58.13600194562937
[ 64.   193.25 164.   213.    99.5   67.75  53.5   94.25 116.5  136.5
 176.75 108.    50.75 108.    49.25  37.75  39.5   37.25 108.75  54.5
 174.5  224.75  39.25  37.75  78.5  106.25 201.75 142.5   39.25  81.25]
Individuo 59: Media: 103.28333333333333, Desvio Padrão: 58.13600194562937
[ 64.   193.25 164.   213.    99.5   67.75  53.5   94.25 116.5  136.5
 176.75 108.    50.75 108.    49.25  37.75  39.5   37.25 108.75  54.5
 174.5  224.75  39.25  37.75  78.5  106.25 201.75 142.5   39.25  81.25]
Individuo 60: Media: 103.28333333333333, Desvio Padrão: 58.13600194562937
[ 64.   193.25 164.   213.    99.5   67.75  53.5   94.25 116.5  136.5
 176.75 108.    50.75 108.    49.25  37.75  39.5   37.25 108.75  54.5
 174.5  224.75  39.25  37.75  78.5  106.25 201.75 142.5   39.25  81.25]
Individuo 61: Media: 103.28333333333333, Desvio Padrão: 58.13600194562937
[ 64.   193.25 164.   213.    99.5   67.75  53.5   94.25 116.5  136.5
 176.75 108.    50.75 108.    49.25  37.75  39.5   37.25 108.75  54.5
 174.5  224.75  39.25  37.75  78.5  106.25 201.75 142.5   39.25  81.25]
Individuo 62: Media: 103.28333333333333, Desvio Padrão: 58.13600194562937
[ 64.   193.25 164.   213.    99.5   67.75  53.5   94.25 116.5  136.5
 176.75 108.    50.75 108.    49.25  37.75  39.5   37.25 108.75  54.5
 174.5  224.75  39.25  37.75  78.5  106.25 201.75 142.5   39.25  81.25]
Individuo 63: Media: 103.28333333333333, Desvio Padrão: 58.13600194562937
[ 64.   193.25 164.   213.    99.5   67.75  53.5   94.25 116.5  136.5
 176.75 108.    50.75 108.    49.25  37.75  39.5   37.25 108.75  54.5
 174.5  224.75  39.25  37.75  78.5  106.25 201.75 142.5   39.25  81.25]
Individuo 64: Media: 103.28333333333333, Desvio Padrão: 58.13600194562937
[ 64.   193.25 164.   213.    99.5   67.75  53.5   94.25 116.5  136.5
 176.75 108.    50.75 108.    49.25  37.75  39.5   37.25 108.75  54.5
 174.5  224.75  39.25  37.75  78.5  106.25 201.75 142.5   39.25  81.25]
Individuo 65: Media: 103.28333333333333, Desvio Padrão: 58.13600194562937
[ 64.   193.25 164.   213.    99.5   67.75  53.5   94.25 116.5  136.5
 176.75 108.    50.75 108.    49.25  37.75  39.5   37.25 108.75  54.5
 174.5  224.75  39.25  37.75  78.5  106.25 201.75 142.5   39.25  81.25]
Individuo 66: Media: 103.28333333333333, Desvio Padrão: 58.13600194562937
[ 64.   193.25 164.   213.    99.5   67.75  53.5   94.25 116.5  136.5
 176.75 108.    50.75 108.    49.25  37.75  39.5   37.25 108.75  54.5
 174.5  224.75  39.25  37.75  78.5  106.25 201.75 142.5   39.25  81.25]
Individuo 67: Media: 103.28333333333333, Desvio Padrão: 58.13600194562937
[ 64.   193.25 164.   213.    99.5   67.75  53.5   94.25 116.5  136.5
 176.75 108.    50.75 108.    49.25  37.75  39.5   37.25 108.75  54.5
 174.5  224.75  39.25  37.75  78.5  106.25 201.75 142.5   39.25  81.25]
Individuo 68: Media: 103.28333333333333, Desvio Padrão: 58.13600194562937
[ 64.   193.25 164.   213.    99.5   67.75  53.5   94.25 116.5  136.5
 176.75 108.    50.75 108.    49.25  37.75  39.5   37.25 108.75  54.5
 174.5  224.75  39.25  37.75  78.5  106.25 201.75 142.5   39.25  81.25]
Individuo 69: Media: 103.28333333333333, Desvio Padrão: 58.13600194562937
[ 64.   193.25 164.   213.    99.5   67.75  53.5   94.25 116.5  136.5
 176.75 108.    50.75 108.    49.25  37.75  39.5   37.25 108.75  54.5
 174.5  224.75  39.25  37.75  78.5  106.25 201.75 142.5   39.25  81.25]
Individuo 70: Media: 103.28333333333333, Desvio Padrão: 58.13600194562937
[ 64.   193.25 164.   213.    99.5   67.75  53.5   94.25 116.5  136.5
 176.75 108.    50.75 108.    49.25  37.75  39.5   37.25 108.75  54.5
 174.5  224.75  39.25  37.75  78.5  106.25 201.75 142.5   39.25  81.25]
Individuo 71: Media: 103.28333333333333, Desvio Padrão: 58.13600194562937
[ 64.   193.25 164.   213.    99.5   67.75  53.5   94.25 116.5  136.5
 176.75 108.    50.75 108.    49.25  37.75  39.5   37.25 108.75  54.5
 174.5  224.75  39.25  37.75  78.5  106.25 201.75 142.5   39.25  81.25]
Individuo 72: Media: 103.28333333333333, Desvio Padrão: 58.13600194562937
[ 64.   193.25 164.   213.    99.5   67.75  53.5   94.25 116.5  136.5
 176.75 108.    50.75 108.    49.25  37.75  39.5   37.25 108.75  54.5
 174.5  224.75  39.25  37.75  78.5  106.25 201.75 142.5   39.25  81.25]
Individuo 73: Media: 103.28333333333333, Desvio Padrão: 58.13600194562937
[ 64.   193.25 164.   213.    99.5   67.75  53.5   94.25 116.5  136.5
 176.75 108.    50.75 108.    49.25  37.75  39.5   37.25 108.75  54.5
 174.5  224.75  39.25  37.75  78.5  106.25 201.75 142.5   39.25  81.25]
Individuo 74: Media: 103.28333333333333, Desvio Padrão: 58.13600194562937
[ 64.   193.25 164.   213.    99.5   67.75  53.5   94.25 116.5  136.5
 176.75 108.    50.75 108.    49.25  37.75  39.5   37.25 108.75  54.5
 174.5  224.75  39.25  37.75  78.5  106.25 201.75 142.5   39.25  81.25]
Individuo 75: Media: 103.28333333333333, Desvio Padrão: 58.13600194562937
[ 64.   193.25 164.   213.    99.5   67.75  53.5   94.25 116.5  136.5
 176.75 108.    50.75 108.    49.25  37.75  39.5   37.25 108.75  54.5
 174.5  224.75  39.25  37.75  78.5  106.25 201.75 142.5   39.25  81.25]
Individuo 76: Media: 103.28333333333333, Desvio Padrão: 58.13600194562937
[ 64.   193.25 164.   213.    99.5   67.75  53.5   94.25 116.5  136.5
 176.75 108.    50.75 108.    49.25  37.75  39.5   37.25 108.75  54.5
 174.5  224.75  39.25  37.75  78.5  106.25 201.75 142.5   39.25  81.25]
Individuo 77: Media: 103.28333333333333, Desvio Padrão: 58.13600194562937
[ 64.   193.25 164.   213.    99.5   67.75  53.5   94.25 116.5  136.5
 176.75 108.    50.75 108.    49.25  37.75  39.5   37.25 108.75  54.5
 174.5  224.75  39.25  37.75  78.5  106.25 201.75 142.5   39.25  81.25]
Individuo 78: Media: 107.18333333333334, Desvio Padrão: 67.52653593629364
[ 64.   193.5  163.75 307.75  99.5   67.75  53.5   94.25 116.25 136.25
 176.75 108.    50.75 108.    49.25  37.75  39.5   37.25 108.75  54.5
 174.5  247.75  39.25  37.75  78.5  106.25 201.75 142.25  39.25  81.25]
Individuo 79: Media: 103.28333333333333, Desvio Padrão: 58.13600194562937
[ 64.   193.25 164.   213.    99.5   67.75  53.5   94.25 116.5  136.5
 176.75 108.    50.75 108.    49.25  37.75  39.5   37.25 108.75  54.5
 174.5  224.75  39.25  37.75  78.5  106.25 201.75 142.5   39.25  81.25]
Individuo 80: Media: 103.28333333333333, Desvio Padrão: 58.13600194562937
[ 64.   193.25 164.   213.    99.5   67.75  53.5   94.25 116.5  136.5
 176.75 108.    50.75 108.    49.25  37.75  39.5   37.25 108.75  54.5
 174.5  224.75  39.25  37.75  78.5  106.25 201.75 142.5   39.25  81.25]
Individuo 81: Media: 103.28333333333333, Desvio Padrão: 58.13600194562937
[ 64.   193.25 164.   213.    99.5   67.75  53.5   94.25 116.5  136.5
 176.75 108.    50.75 108.    49.25  37.75  39.5   37.25 108.75  54.5
 174.5  224.75  39.25  37.75  78.5  106.25 201.75 142.5   39.25  81.25]
Individuo 82: Media: 103.28333333333333, Desvio Padrão: 58.13600194562937
[ 64.   193.25 164.   213.    99.5   67.75  53.5   94.25 116.5  136.5
 176.75 108.    50.75 108.    49.25  37.75  39.5   37.25 108.75  54.5
 174.5  224.75  39.25  37.75  78.5  106.25 201.75 142.5   39.25  81.25]
Individuo 83: Media: 103.28333333333333, Desvio Padrão: 58.13600194562937
[ 64.   193.25 164.   213.    99.5   67.75  53.5   94.25 116.5  136.5
 176.75 108.    50.75 108.    49.25  37.75  39.5   37.25 108.75  54.5
 174.5  224.75  39.25  37.75  78.5  106.25 201.75 142.5   39.25  81.25]
Individuo 84: Media: 103.28333333333333, Desvio Padrão: 58.13600194562937
[ 64.   193.25 164.   213.    99.5   67.75  53.5   94.25 116.5  136.5
 176.75 108.    50.75 108.    49.25  37.75  39.5   37.25 108.75  54.5
 174.5  224.75  39.25  37.75  78.5  106.25 201.75 142.5   39.25  81.25]
Individuo 85: Media: 103.28333333333333, Desvio Padrão: 58.13600194562937
[ 64.   193.25 164.   213.    99.5   67.75  53.5   94.25 116.5  136.5
 176.75 108.    50.75 108.    49.25  37.75  39.5   37.25 108.75  54.5
 174.5  224.75  39.25  37.75  78.5  106.25 201.75 142.5   39.25  81.25]
Individuo 86: Media: 103.28333333333333, Desvio Padrão: 58.13600194562937
[ 64.   193.25 164.   213.    99.5   67.75  53.5   94.25 116.5  136.5
 176.75 108.    50.75 108.    49.25  37.75  39.5   37.25 108.75  54.5
 174.5  224.75  39.25  37.75  78.5  106.25 201.75 142.5   39.25  81.25]
Individuo 87: Media: 103.28333333333333, Desvio Padrão: 58.13600194562937
[ 64.   193.25 164.   213.    99.5   67.75  53.5   94.25 116.5  136.5
 176.75 108.    50.75 108.    49.25  37.75  39.5   37.25 108.75  54.5
 174.5  224.75  39.25  37.75  78.5  106.25 201.75 142.5   39.25  81.25]
Individuo 88: Media: 103.28333333333333, Desvio Padrão: 58.13600194562937
[ 64.   193.25 164.   213.    99.5   67.75  53.5   94.25 116.5  136.5
 176.75 108.    50.75 108.    49.25  37.75  39.5   37.25 108.75  54.5
 174.5  224.75  39.25  37.75  78.5  106.25 201.75 142.5   39.25  81.25]
Individuo 89: Media: 107.18333333333334, Desvio Padrão: 67.52653593629364
[ 64.   193.5  163.75 307.75  99.5   67.75  53.5   94.25 116.25 136.25
 176.75 108.    50.75 108.    49.25  37.75  39.5   37.25 108.75  54.5
 174.5  247.75  39.25  37.75  78.5  106.25 201.75 142.25  39.25  81.25]
Individuo 90: Media: 103.29166666666667, Desvio Padrão: 58.13644451250485
[ 64.   193.25 164.   213.    99.5   67.75  53.5   94.25 116.5  136.5
 176.75 108.    50.75 108.    49.25  37.75  39.5   37.25 108.75  54.5
 174.5  224.75  39.25  37.75  78.5  106.5  201.75 142.5   39.25  81.25]
Individuo 91: Media: 107.18333333333334, Desvio Padrão: 67.52653593629364
[ 64.   193.5  163.75 307.75  99.5   67.75  53.5   94.25 116.25 136.25
 176.75 108.    50.75 108.    49.25  37.75  39.5   37.25 108.75  54.5
 174.5  247.75  39.25  37.75  78.5  106.25 201.75 142.25  39.25  81.25]
Individuo 92: Media: 103.28333333333333, Desvio Padrão: 58.13600194562937
[ 64.   193.25 164.   213.    99.5   67.75  53.5   94.25 116.5  136.5
 176.75 108.    50.75 108.    49.25  37.75  39.5   37.25 108.75  54.5
 174.5  224.75  39.25  37.75  78.5  106.25 201.75 142.5   39.25  81.25]
Individuo 93: Media: 103.28333333333333, Desvio Padrão: 58.13600194562937
[ 64.   193.25 164.   213.    99.5   67.75  53.5   94.25 116.5  136.5
 176.75 108.    50.75 108.    49.25  37.75  39.5   37.25 108.75  54.5
 174.5  224.75  39.25  37.75  78.5  106.25 201.75 142.5   39.25  81.25]
Individuo 94: Media: 103.28333333333333, Desvio Padrão: 58.13600194562937
[ 64.   193.25 164.   213.    99.5   67.75  53.5   94.25 116.5  136.5
 176.75 108.    50.75 108.    49.25  37.75  39.5   37.25 108.75  54.5
 174.5  224.75  39.25  37.75  78.5  106.25 201.75 142.5   39.25  81.25]
Individuo 95: Media: 103.28333333333333, Desvio Padrão: 58.13600194562937
[ 64.   193.25 164.   213.    99.5   67.75  53.5   94.25 116.5  136.5
 176.75 108.    50.75 108.    49.25  37.75  39.5   37.25 108.75  54.5
 174.5  224.75  39.25  37.75  78.5  106.25 201.75 142.5   39.25  81.25]
Individuo 96: Media: 103.28333333333333, Desvio Padrão: 58.13600194562937
[ 64.   193.25 164.   213.    99.5   67.75  53.5   94.25 116.5  136.5
 176.75 108.    50.75 108.    49.25  37.75  39.5   37.25 108.75  54.5
 174.5  224.75  39.25  37.75  78.5  106.25 201.75 142.5   39.25  81.25]
Individuo 97: Media: 103.28333333333333, Desvio Padrão: 58.13600194562937
[ 64.   193.25 164.   213.    99.5   67.75  53.5   94.25 116.5  136.5
 176.75 108.    50.75 108.    49.25  37.75  39.5   37.25 108.75  54.5
 174.5  224.75  39.25  37.75  78.5  106.25 201.75 142.5   39.25  81.25]
Individuo 98: Media: 103.28333333333333, Desvio Padrão: 58.13600194562937
[ 64.   193.25 164.   213.    99.5   67.75  53.5   94.25 116.5  136.5
 176.75 108.    50.75 108.    49.25  37.75  39.5   37.25 108.75  54.5
 174.5  224.75  39.25  37.75  78.5  106.25 201.75 142.5   39.25  81.25]
Individuo 99: Media: 103.28333333333333, Desvio Padrão: 58.13600194562937
[ 64.   193.25 164.   213.    99.5   67.75  53.5   94.25 116.5  136.5
 176.75 108.    50.75 108.    49.25  37.75  39.5   37.25 108.75  54.5
 174.5  224.75  39.25  37.75  78.5  106.25 201.75 142.5   39.25  81.25]
Melhor Individuo: 1, Media: 103.29166666666667, Desvio Padrão: 58.13644451250485
[ 64.   193.25 164.   213.    99.5   67.75  53.5   94.25 116.5  136.5
 176.75 108.    50.75 108.    49.25  37.75  39.5   37.25 108.75  54.5
 174.5  224.75  39.25  37.75  78.5  106.5  201.75 142.5   39.25  81.25]
[0.6720578447457892, -0.458971236310193, -0.41961393670710323, -0.5778626574113817, -0.14622032653731187, -0.8179532274221952, -0.866447625771618, 0.7662285956581321, 0.2977320721318213, -0.5572409783324987, -0.4354585613888311, 0.17390193409747012, -0.6392731617092773, 0.9796784374896035, -0.48985806754968997, 0.8140351874864082, -0.9299741733916844, -0.12247342865404343, 0.2031998081691564, 0.48051055573033463, -0.27685962488668414, 0.9173902634583708, -0.7134699967854745, -0.7330008281344385, 0.047330685609698, -0.727339769988433, 0.13247827562375947, 0.48523786443726435, 0.1302929148183838, -0.7701744802550294, 0.486129300826865, -0.6938951281053454]
[['Aluno', np.float64(6.197077907228845e-24)], [np.float64(1.862645149230957e-09), 'Prof']]
       0     1
0  Aluno   0.0
1    0.0  Prof
Gráfico salvo como 'melhor_resultado_por_iteracao - 500.png'
Gráfico salvo como 'melhor_resultado_por_iteracao - 1000.png'
Gráfico salvo como 'melhor_resultado_por_iteracao.png'
/home/gnizama/Documents/Trab2 - IA/Dino/dinoAIParallel.py:1085: UserWarning: set_ticklabels() should only be used with a fixed number of ticks, i.e. after set_ticks() or using a FixedLocator.
  boxplots.set_xticklabels(["Aluno", "Professor"])
Gráfico salvo como 'boxplot_xprof.png'

