Individuo 0: Media: 78.05833333333334, Desvio Padrão: 46.003155839814106
[151.5   41.75 115.75 121.5   39.5   53.75  49.25  88.    26.    26.
 126.5   55.25 141.75 137.75 114.5   23.25 154.5   26.75  45.5   23.25
  83.75  79.5  131.5   63.    50.25  24.25  26.    52.   158.   111.5 ]
Individuo 1: Media: 78.05833333333334, Desvio Padrão: 46.003155839814106
[151.5   41.75 115.75 121.5   39.5   53.75  49.25  88.    26.    26.
 126.5   55.25 141.75 137.75 114.5   23.25 154.5   26.75  45.5   23.25
  83.75  79.5  131.5   63.    50.25  24.25  26.    52.   158.   111.5 ]
Individuo 2: Media: 78.05833333333334, Desvio Padrão: 46.003155839814106
[151.5   41.75 115.75 121.5   39.5   53.75  49.25  88.    26.    26.
 126.5   55.25 141.75 137.75 114.5   23.25 154.5   26.75  45.5   23.25
  83.75  79.5  131.5   63.    50.25  24.25  26.    52.   158.   111.5 ]
Individuo 3: Media: 78.05833333333334, Desvio Padrão: 46.003155839814106
[151.5   41.75 115.75 121.5   39.5   53.75  49.25  88.    26.    26.
 126.5   55.25 141.75 137.75 114.5   23.25 154.5   26.75  45.5   23.25
  83.75  79.5  131.5   63.    50.25  24.25  26.    52.   158.   111.5 ]
Individuo 4: Media: 78.05833333333334, Desvio Padrão: 46.003155839814106
[151.5   41.75 115.75 121.5   39.5   53.75  49.25  88.    26.    26.
 126.5   55.25 141.75 137.75 114.5   23.25 154.5   26.75  45.5   23.25
  83.75  79.5  131.5   63.    50.25  24.25  26.    52.   158.   111.5 ]
Individuo 5: Media: 78.05833333333334, Desvio Padrão: 46.003155839814106
[151.5   41.75 115.75 121.5   39.5   53.75  49.25  88.    26.    26.
 126.5   55.25 141.75 137.75 114.5   23.25 154.5   26.75  45.5   23.25
  83.75  79.5  131.5   63.    50.25  24.25  26.    52.   158.   111.5 ]
Individuo 6: Media: 78.05833333333334, Desvio Padrão: 46.003155839814106
[151.5   41.75 115.75 121.5   39.5   53.75  49.25  88.    26.    26.
 126.5   55.25 141.75 137.75 114.5   23.25 154.5   26.75  45.5   23.25
  83.75  79.5  131.5   63.    50.25  24.25  26.    52.   158.   111.5 ]
Individuo 7: Media: 78.05833333333334, Desvio Padrão: 46.003155839814106
[151.5   41.75 115.75 121.5   39.5   53.75  49.25  88.    26.    26.
 126.5   55.25 141.75 137.75 114.5   23.25 154.5   26.75  45.5   23.25
  83.75  79.5  131.5   63.    50.25  24.25  26.    52.   158.   111.5 ]
Individuo 8: Media: 78.05833333333334, Desvio Padrão: 46.003155839814106
[151.5   41.75 115.75 121.5   39.5   53.75  49.25  88.    26.    26.
 126.5   55.25 141.75 137.75 114.5   23.25 154.5   26.75  45.5   23.25
  83.75  79.5  131.5   63.    50.25  24.25  26.    52.   158.   111.5 ]
Individuo 9: Media: 78.05833333333334, Desvio Padrão: 46.003155839814106
[151.5   41.75 115.75 121.5   39.5   53.75  49.25  88.    26.    26.
 126.5   55.25 141.75 137.75 114.5   23.25 154.5   26.75  45.5   23.25
  83.75  79.5  131.5   63.    50.25  24.25  26.    52.   158.   111.5 ]
Individuo 10: Media: 78.05833333333334, Desvio Padrão: 46.003155839814106
[151.5   41.75 115.75 121.5   39.5   53.75  49.25  88.    26.    26.
 126.5   55.25 141.75 137.75 114.5   23.25 154.5   26.75  45.5   23.25
  83.75  79.5  131.5   63.    50.25  24.25  26.    52.   158.   111.5 ]
Individuo 11: Media: 78.05833333333334, Desvio Padrão: 46.003155839814106
[151.5   41.75 115.75 121.5   39.5   53.75  49.25  88.    26.    26.
 126.5   55.25 141.75 137.75 114.5   23.25 154.5   26.75  45.5   23.25
  83.75  79.5  131.5   63.    50.25  24.25  26.    52.   158.   111.5 ]
Individuo 12: Media: 78.05833333333334, Desvio Padrão: 46.003155839814106
[151.5   41.75 115.75 121.5   39.5   53.75  49.25  88.    26.    26.
 126.5   55.25 141.75 137.75 114.5   23.25 154.5   26.75  45.5   23.25
  83.75  79.5  131.5   63.    50.25  24.25  26.    52.   158.   111.5 ]
Individuo 13: Media: 78.05833333333334, Desvio Padrão: 46.003155839814106
[151.5   41.75 115.75 121.5   39.5   53.75  49.25  88.    26.    26.
 126.5   55.25 141.75 137.75 114.5   23.25 154.5   26.75  45.5   23.25
  83.75  79.5  131.5   63.    50.25  24.25  26.    52.   158.   111.5 ]
Individuo 14: Media: 78.05833333333334, Desvio Padrão: 46.003155839814106
[151.5   41.75 115.75 121.5   39.5   53.75  49.25  88.    26.    26.
 126.5   55.25 141.75 137.75 114.5   23.25 154.5   26.75  45.5   23.25
  83.75  79.5  131.5   63.    50.25  24.25  26.    52.   158.   111.5 ]
Individuo 15: Media: 78.05833333333334, Desvio Padrão: 46.003155839814106
[151.5   41.75 115.75 121.5   39.5   53.75  49.25  88.    26.    26.
 126.5   55.25 141.75 137.75 114.5   23.25 154.5   26.75  45.5   23.25
  83.75  79.5  131.5   63.    50.25  24.25  26.    52.   158.   111.5 ]
Individuo 16: Media: 78.05833333333334, Desvio Padrão: 46.003155839814106
[151.5   41.75 115.75 121.5   39.5   53.75  49.25  88.    26.    26.
 126.5   55.25 141.75 137.75 114.5   23.25 154.5   26.75  45.5   23.25
  83.75  79.5  131.5   63.    50.25  24.25  26.    52.   158.   111.5 ]
Individuo 17: Media: 78.05833333333334, Desvio Padrão: 46.003155839814106
[151.5   41.75 115.75 121.5   39.5   53.75  49.25  88.    26.    26.
 126.5   55.25 141.75 137.75 114.5   23.25 154.5   26.75  45.5   23.25
  83.75  79.5  131.5   63.    50.25  24.25  26.    52.   158.   111.5 ]
Individuo 18: Media: 78.05833333333334, Desvio Padrão: 46.003155839814106
[151.5   41.75 115.75 121.5   39.5   53.75  49.25  88.    26.    26.
 126.5   55.25 141.75 137.75 114.5   23.25 154.5   26.75  45.5   23.25
  83.75  79.5  131.5   63.    50.25  24.25  26.    52.   158.   111.5 ]
Individuo 19: Media: 78.05833333333334, Desvio Padrão: 46.003155839814106
[151.5   41.75 115.75 121.5   39.5   53.75  49.25  88.    26.    26.
 126.5   55.25 141.75 137.75 114.5   23.25 154.5   26.75  45.5   23.25
  83.75  79.5  131.5   63.    50.25  24.25  26.    52.   158.   111.5 ]
Individuo 20: Media: 78.05833333333334, Desvio Padrão: 46.003155839814106
[151.5   41.75 115.75 121.5   39.5   53.75  49.25  88.    26.    26.
 126.5   55.25 141.75 137.75 114.5   23.25 154.5   26.75  45.5   23.25
  83.75  79.5  131.5   63.    50.25  24.25  26.    52.   158.   111.5 ]
Individuo 21: Media: 78.05833333333334, Desvio Padrão: 46.003155839814106
[151.5   41.75 115.75 121.5   39.5   53.75  49.25  88.    26.    26.
 126.5   55.25 141.75 137.75 114.5   23.25 154.5   26.75  45.5   23.25
  83.75  79.5  131.5   63.    50.25  24.25  26.    52.   158.   111.5 ]
Individuo 22: Media: 78.05833333333334, Desvio Padrão: 46.003155839814106
[151.5   41.75 115.75 121.5   39.5   53.75  49.25  88.    26.    26.
 126.5   55.25 141.75 137.75 114.5   23.25 154.5   26.75  45.5   23.25
  83.75  79.5  131.5   63.    50.25  24.25  26.    52.   158.   111.5 ]
Individuo 23: Media: 78.05833333333334, Desvio Padrão: 46.003155839814106
[151.5   41.75 115.75 121.5   39.5   53.75  49.25  88.    26.    26.
 126.5   55.25 141.75 137.75 114.5   23.25 154.5   26.75  45.5   23.25
  83.75  79.5  131.5   63.    50.25  24.25  26.    52.   158.   111.5 ]
Individuo 24: Media: 78.05833333333334, Desvio Padrão: 46.003155839814106
[151.5   41.75 115.75 121.5   39.5   53.75  49.25  88.    26.    26.
 126.5   55.25 141.75 137.75 114.5   23.25 154.5   26.75  45.5   23.25
  83.75  79.5  131.5   63.    50.25  24.25  26.    52.   158.   111.5 ]
Individuo 25: Media: 78.05833333333334, Desvio Padrão: 46.003155839814106
[151.5   41.75 115.75 121.5   39.5   53.75  49.25  88.    26.    26.
 126.5   55.25 141.75 137.75 114.5   23.25 154.5   26.75  45.5   23.25
  83.75  79.5  131.5   63.    50.25  24.25  26.    52.   158.   111.5 ]
Individuo 26: Media: 78.05833333333334, Desvio Padrão: 46.003155839814106
[151.5   41.75 115.75 121.5   39.5   53.75  49.25  88.    26.    26.
 126.5   55.25 141.75 137.75 114.5   23.25 154.5   26.75  45.5   23.25
  83.75  79.5  131.5   63.    50.25  24.25  26.    52.   158.   111.5 ]
Individuo 27: Media: 78.05833333333334, Desvio Padrão: 46.003155839814106
[151.5   41.75 115.75 121.5   39.5   53.75  49.25  88.    26.    26.
 126.5   55.25 141.75 137.75 114.5   23.25 154.5   26.75  45.5   23.25
  83.75  79.5  131.5   63.    50.25  24.25  26.    52.   158.   111.5 ]
Individuo 28: Media: 78.05833333333334, Desvio Padrão: 46.003155839814106
[151.5   41.75 115.75 121.5   39.5   53.75  49.25  88.    26.    26.
 126.5   55.25 141.75 137.75 114.5   23.25 154.5   26.75  45.5   23.25
  83.75  79.5  131.5   63.    50.25  24.25  26.    52.   158.   111.5 ]
Individuo 29: Media: 24.658333333333335, Desvio Padrão: 0.5933075837109186
[25.   24.5  25.   25.   25.   25.   25.25 24.5  24.5  23.25 24.5  25.
 24.5  25.   25.   23.25 25.25 25.25 25.   23.25 24.75 25.   24.5  24.5
 25.   23.5  24.5  25.25 24.5  25.25]
Individuo 30: Media: 78.05833333333334, Desvio Padrão: 46.003155839814106
[151.5   41.75 115.75 121.5   39.5   53.75  49.25  88.    26.    26.
 126.5   55.25 141.75 137.75 114.5   23.25 154.5   26.75  45.5   23.25
  83.75  79.5  131.5   63.    50.25  24.25  26.    52.   158.   111.5 ]
Individuo 31: Media: 78.05833333333334, Desvio Padrão: 46.003155839814106
[151.5   41.75 115.75 121.5   39.5   53.75  49.25  88.    26.    26.
 126.5   55.25 141.75 137.75 114.5   23.25 154.5   26.75  45.5   23.25
  83.75  79.5  131.5   63.    50.25  24.25  26.    52.   158.   111.5 ]
Individuo 32: Media: 75.425, Desvio Padrão: 44.1309202827224
[151.5   41.75 115.75 121.5   39.5   53.75  49.25  37.5   26.75  26.
 126.5   55.25 117.25 137.75 113.75  23.25 154.75  42.    45.5   23.25
  83.75  79.75 147.75  63.    50.25  23.5   26.75  52.   122.   111.5 ]
Individuo 33: Media: 78.05833333333334, Desvio Padrão: 46.003155839814106
[151.5   41.75 115.75 121.5   39.5   53.75  49.25  88.    26.    26.
 126.5   55.25 141.75 137.75 114.5   23.25 154.5   26.75  45.5   23.25
  83.75  79.5  131.5   63.    50.25  24.25  26.    52.   158.   111.5 ]
Individuo 34: Media: 78.05833333333334, Desvio Padrão: 46.003155839814106
[151.5   41.75 115.75 121.5   39.5   53.75  49.25  88.    26.    26.
 126.5   55.25 141.75 137.75 114.5   23.25 154.5   26.75  45.5   23.25
  83.75  79.5  131.5   63.    50.25  24.25  26.    52.   158.   111.5 ]
Individuo 35: Media: 78.05833333333334, Desvio Padrão: 46.003155839814106
[151.5   41.75 115.75 121.5   39.5   53.75  49.25  88.    26.    26.
 126.5   55.25 141.75 137.75 114.5   23.25 154.5   26.75  45.5   23.25
  83.75  79.5  131.5   63.    50.25  24.25  26.    52.   158.   111.5 ]
Individuo 36: Media: 78.05833333333334, Desvio Padrão: 46.003155839814106
[151.5   41.75 115.75 121.5   39.5   53.75  49.25  88.    26.    26.
 126.5   55.25 141.75 137.75 114.5   23.25 154.5   26.75  45.5   23.25
  83.75  79.5  131.5   63.    50.25  24.25  26.    52.   158.   111.5 ]
Individuo 37: Media: 78.05833333333334, Desvio Padrão: 46.003155839814106
[151.5   41.75 115.75 121.5   39.5   53.75  49.25  88.    26.    26.
 126.5   55.25 141.75 137.75 114.5   23.25 154.5   26.75  45.5   23.25
  83.75  79.5  131.5   63.    50.25  24.25  26.    52.   158.   111.5 ]
Individuo 38: Media: 78.05833333333334, Desvio Padrão: 46.003155839814106
[151.5   41.75 115.75 121.5   39.5   53.75  49.25  88.    26.    26.
 126.5   55.25 141.75 137.75 114.5   23.25 154.5   26.75  45.5   23.25
  83.75  79.5  131.5   63.    50.25  24.25  26.    52.   158.   111.5 ]
Individuo 39: Media: 78.05833333333334, Desvio Padrão: 46.003155839814106
[151.5   41.75 115.75 121.5   39.5   53.75  49.25  88.    26.    26.
 126.5   55.25 141.75 137.75 114.5   23.25 154.5   26.75  45.5   23.25
  83.75  79.5  131.5   63.    50.25  24.25  26.    52.   158.   111.5 ]
Individuo 40: Media: 78.05833333333334, Desvio Padrão: 46.003155839814106
[151.5   41.75 115.75 121.5   39.5   53.75  49.25  88.    26.    26.
 126.5   55.25 141.75 137.75 114.5   23.25 154.5   26.75  45.5   23.25
  83.75  79.5  131.5   63.    50.25  24.25  26.    52.   158.   111.5 ]
Individuo 41: Media: 78.05833333333334, Desvio Padrão: 46.003155839814106
[151.5   41.75 115.75 121.5   39.5   53.75  49.25  88.    26.    26.
 126.5   55.25 141.75 137.75 114.5   23.25 154.5   26.75  45.5   23.25
  83.75  79.5  131.5   63.    50.25  24.25  26.    52.   158.   111.5 ]
Individuo 42: Media: 78.05833333333334, Desvio Padrão: 46.003155839814106
[151.5   41.75 115.75 121.5   39.5   53.75  49.25  88.    26.    26.
 126.5   55.25 141.75 137.75 114.5   23.25 154.5   26.75  45.5   23.25
  83.75  79.5  131.5   63.    50.25  24.25  26.    52.   158.   111.5 ]
Individuo 43: Media: 78.05833333333334, Desvio Padrão: 46.003155839814106
[151.5   41.75 115.75 121.5   39.5   53.75  49.25  88.    26.    26.
 126.5   55.25 141.75 137.75 114.5   23.25 154.5   26.75  45.5   23.25
  83.75  79.5  131.5   63.    50.25  24.25  26.    52.   158.   111.5 ]
Individuo 44: Media: 78.05833333333334, Desvio Padrão: 46.003155839814106
[151.5   41.75 115.75 121.5   39.5   53.75  49.25  88.    26.    26.
 126.5   55.25 141.75 137.75 114.5   23.25 154.5   26.75  45.5   23.25
  83.75  79.5  131.5   63.    50.25  24.25  26.    52.   158.   111.5 ]
Individuo 45: Media: 78.05833333333334, Desvio Padrão: 46.003155839814106
[151.5   41.75 115.75 121.5   39.5   53.75  49.25  88.    26.    26.
 126.5   55.25 141.75 137.75 114.5   23.25 154.5   26.75  45.5   23.25
  83.75  79.5  131.5   63.    50.25  24.25  26.    52.   158.   111.5 ]
Individuo 46: Media: 78.05833333333334, Desvio Padrão: 46.003155839814106
[151.5   41.75 115.75 121.5   39.5   53.75  49.25  88.    26.    26.
 126.5   55.25 141.75 137.75 114.5   23.25 154.5   26.75  45.5   23.25
  83.75  79.5  131.5   63.    50.25  24.25  26.    52.   158.   111.5 ]
Individuo 47: Media: 78.05833333333334, Desvio Padrão: 46.003155839814106
[151.5   41.75 115.75 121.5   39.5   53.75  49.25  88.    26.    26.
 126.5   55.25 141.75 137.75 114.5   23.25 154.5   26.75  45.5   23.25
  83.75  79.5  131.5   63.    50.25  24.25  26.    52.   158.   111.5 ]
Individuo 48: Media: 78.05833333333334, Desvio Padrão: 46.003155839814106
[151.5   41.75 115.75 121.5   39.5   53.75  49.25  88.    26.    26.
 126.5   55.25 141.75 137.75 114.5   23.25 154.5   26.75  45.5   23.25
  83.75  79.5  131.5   63.    50.25  24.25  26.    52.   158.   111.5 ]
Individuo 49: Media: 78.05833333333334, Desvio Padrão: 46.003155839814106
[151.5   41.75 115.75 121.5   39.5   53.75  49.25  88.    26.    26.
 126.5   55.25 141.75 137.75 114.5   23.25 154.5   26.75  45.5   23.25
  83.75  79.5  131.5   63.    50.25  24.25  26.    52.   158.   111.5 ]
Individuo 50: Media: 78.05833333333334, Desvio Padrão: 46.003155839814106
[151.5   41.75 115.75 121.5   39.5   53.75  49.25  88.    26.    26.
 126.5   55.25 141.75 137.75 114.5   23.25 154.5   26.75  45.5   23.25
  83.75  79.5  131.5   63.    50.25  24.25  26.    52.   158.   111.5 ]
Individuo 51: Media: 25.908333333333335, Desvio Padrão: 6.792300583912805
[23.25 23.25 23.25 23.25 23.25 23.25 23.5  23.25 23.25 40.5  23.25 23.25
 23.25 23.25 23.25 49.   23.5  23.5  23.25 43.5  23.5  23.25 23.25 23.25
 23.25 38.25 23.25 23.5  23.25 23.5 ]
Individuo 52: Media: 78.05833333333334, Desvio Padrão: 46.003155839814106
[151.5   41.75 115.75 121.5   39.5   53.75  49.25  88.    26.    26.
 126.5   55.25 141.75 137.75 114.5   23.25 154.5   26.75  45.5   23.25
  83.75  79.5  131.5   63.    50.25  24.25  26.    52.   158.   111.5 ]
Individuo 53: Media: 78.05833333333334, Desvio Padrão: 46.003155839814106
[151.5   41.75 115.75 121.5   39.5   53.75  49.25  88.    26.    26.
 126.5   55.25 141.75 137.75 114.5   23.25 154.5   26.75  45.5   23.25
  83.75  79.5  131.5   63.    50.25  24.25  26.    52.   158.   111.5 ]
Individuo 54: Media: 78.05833333333334, Desvio Padrão: 46.003155839814106
[151.5   41.75 115.75 121.5   39.5   53.75  49.25  88.    26.    26.
 126.5   55.25 141.75 137.75 114.5   23.25 154.5   26.75  45.5   23.25
  83.75  79.5  131.5   63.    50.25  24.25  26.    52.   158.   111.5 ]
Individuo 55: Media: 78.05833333333334, Desvio Padrão: 46.003155839814106
[151.5   41.75 115.75 121.5   39.5   53.75  49.25  88.    26.    26.
 126.5   55.25 141.75 137.75 114.5   23.25 154.5   26.75  45.5   23.25
  83.75  79.5  131.5   63.    50.25  24.25  26.    52.   158.   111.5 ]
Individuo 56: Media: 78.05833333333334, Desvio Padrão: 46.003155839814106
[151.5   41.75 115.75 121.5   39.5   53.75  49.25  88.    26.    26.
 126.5   55.25 141.75 137.75 114.5   23.25 154.5   26.75  45.5   23.25
  83.75  79.5  131.5   63.    50.25  24.25  26.    52.   158.   111.5 ]
Individuo 57: Media: 78.05833333333334, Desvio Padrão: 46.003155839814106
[151.5   41.75 115.75 121.5   39.5   53.75  49.25  88.    26.    26.
 126.5   55.25 141.75 137.75 114.5   23.25 154.5   26.75  45.5   23.25
  83.75  79.5  131.5   63.    50.25  24.25  26.    52.   158.   111.5 ]
Individuo 58: Media: 78.05833333333334, Desvio Padrão: 46.003155839814106
[151.5   41.75 115.75 121.5   39.5   53.75  49.25  88.    26.    26.
 126.5   55.25 141.75 137.75 114.5   23.25 154.5   26.75  45.5   23.25
  83.75  79.5  131.5   63.    50.25  24.25  26.    52.   158.   111.5 ]
Individuo 59: Media: 78.05833333333334, Desvio Padrão: 46.003155839814106
[151.5   41.75 115.75 121.5   39.5   53.75  49.25  88.    26.    26.
 126.5   55.25 141.75 137.75 114.5   23.25 154.5   26.75  45.5   23.25
  83.75  79.5  131.5   63.    50.25  24.25  26.    52.   158.   111.5 ]
Individuo 60: Media: 78.05833333333334, Desvio Padrão: 46.003155839814106
[151.5   41.75 115.75 121.5   39.5   53.75  49.25  88.    26.    26.
 126.5   55.25 141.75 137.75 114.5   23.25 154.5   26.75  45.5   23.25
  83.75  79.5  131.5   63.    50.25  24.25  26.    52.   158.   111.5 ]
Individuo 61: Media: 78.05833333333334, Desvio Padrão: 46.003155839814106
[151.5   41.75 115.75 121.5   39.5   53.75  49.25  88.    26.    26.
 126.5   55.25 141.75 137.75 114.5   23.25 154.5   26.75  45.5   23.25
  83.75  79.5  131.5   63.    50.25  24.25  26.    52.   158.   111.5 ]
Individuo 62: Media: 78.05833333333334, Desvio Padrão: 46.003155839814106
[151.5   41.75 115.75 121.5   39.5   53.75  49.25  88.    26.    26.
 126.5   55.25 141.75 137.75 114.5   23.25 154.5   26.75  45.5   23.25
  83.75  79.5  131.5   63.    50.25  24.25  26.    52.   158.   111.5 ]
Individuo 63: Media: 78.05833333333334, Desvio Padrão: 46.003155839814106
[151.5   41.75 115.75 121.5   39.5   53.75  49.25  88.    26.    26.
 126.5   55.25 141.75 137.75 114.5   23.25 154.5   26.75  45.5   23.25
  83.75  79.5  131.5   63.    50.25  24.25  26.    52.   158.   111.5 ]
Individuo 64: Media: 78.05833333333334, Desvio Padrão: 46.003155839814106
[151.5   41.75 115.75 121.5   39.5   53.75  49.25  88.    26.    26.
 126.5   55.25 141.75 137.75 114.5   23.25 154.5   26.75  45.5   23.25
  83.75  79.5  131.5   63.    50.25  24.25  26.    52.   158.   111.5 ]
Individuo 65: Media: 78.05833333333334, Desvio Padrão: 46.003155839814106
[151.5   41.75 115.75 121.5   39.5   53.75  49.25  88.    26.    26.
 126.5   55.25 141.75 137.75 114.5   23.25 154.5   26.75  45.5   23.25
  83.75  79.5  131.5   63.    50.25  24.25  26.    52.   158.   111.5 ]
Individuo 66: Media: 75.425, Desvio Padrão: 44.1309202827224
[151.5   41.75 115.75 121.5   39.5   53.75  49.25  37.5   26.75  26.
 126.5   55.25 117.25 137.75 113.75  23.25 154.75  42.    45.5   23.25
  83.75  79.75 147.75  63.    50.25  23.5   26.75  52.   122.   111.5 ]
Individuo 67: Media: 78.05833333333334, Desvio Padrão: 46.003155839814106
[151.5   41.75 115.75 121.5   39.5   53.75  49.25  88.    26.    26.
 126.5   55.25 141.75 137.75 114.5   23.25 154.5   26.75  45.5   23.25
  83.75  79.5  131.5   63.    50.25  24.25  26.    52.   158.   111.5 ]
Individuo 68: Media: 78.05833333333334, Desvio Padrão: 46.003155839814106
[151.5   41.75 115.75 121.5   39.5   53.75  49.25  88.    26.    26.
 126.5   55.25 141.75 137.75 114.5   23.25 154.5   26.75  45.5   23.25
  83.75  79.5  131.5   63.    50.25  24.25  26.    52.   158.   111.5 ]
Individuo 69: Media: 78.05833333333334, Desvio Padrão: 46.003155839814106
[151.5   41.75 115.75 121.5   39.5   53.75  49.25  88.    26.    26.
 126.5   55.25 141.75 137.75 114.5   23.25 154.5   26.75  45.5   23.25
  83.75  79.5  131.5   63.    50.25  24.25  26.    52.   158.   111.5 ]
Individuo 70: Media: 78.05833333333334, Desvio Padrão: 46.003155839814106
[151.5   41.75 115.75 121.5   39.5   53.75  49.25  88.    26.    26.
 126.5   55.25 141.75 137.75 114.5   23.25 154.5   26.75  45.5   23.25
  83.75  79.5  131.5   63.    50.25  24.25  26.    52.   158.   111.5 ]
Individuo 71: Media: 78.05, Desvio Padrão: 46.00590541803665
[151.5   41.75 115.75 121.5   39.5   53.75  49.25  88.    26.    26.
 126.5   55.25 141.75 137.75 114.5   23.25 154.5   26.75  45.5   23.25
  83.75  79.5  131.5   62.75  50.25  24.25  26.    52.   158.   111.5 ]
Individuo 72: Media: 78.05833333333334, Desvio Padrão: 46.003155839814106
[151.5   41.75 115.75 121.5   39.5   53.75  49.25  88.    26.    26.
 126.5   55.25 141.75 137.75 114.5   23.25 154.5   26.75  45.5   23.25
  83.75  79.5  131.5   63.    50.25  24.25  26.    52.   158.   111.5 ]
Individuo 73: Media: 78.05833333333334, Desvio Padrão: 46.003155839814106
[151.5   41.75 115.75 121.5   39.5   53.75  49.25  88.    26.    26.
 126.5   55.25 141.75 137.75 114.5   23.25 154.5   26.75  45.5   23.25
  83.75  79.5  131.5   63.    50.25  24.25  26.    52.   158.   111.5 ]
Individuo 74: Media: 78.05833333333334, Desvio Padrão: 46.003155839814106
[151.5   41.75 115.75 121.5   39.5   53.75  49.25  88.    26.    26.
 126.5   55.25 141.75 137.75 114.5   23.25 154.5   26.75  45.5   23.25
  83.75  79.5  131.5   63.    50.25  24.25  26.    52.   158.   111.5 ]
Individuo 75: Media: 78.05833333333334, Desvio Padrão: 46.003155839814106
[151.5   41.75 115.75 121.5   39.5   53.75  49.25  88.    26.    26.
 126.5   55.25 141.75 137.75 114.5   23.25 154.5   26.75  45.5   23.25
  83.75  79.5  131.5   63.    50.25  24.25  26.    52.   158.   111.5 ]
Individuo 76: Media: 78.05833333333334, Desvio Padrão: 46.003155839814106
[151.5   41.75 115.75 121.5   39.5   53.75  49.25  88.    26.    26.
 126.5   55.25 141.75 137.75 114.5   23.25 154.5   26.75  45.5   23.25
  83.75  79.5  131.5   63.    50.25  24.25  26.    52.   158.   111.5 ]
Individuo 77: Media: 78.05833333333334, Desvio Padrão: 46.003155839814106
[151.5   41.75 115.75 121.5   39.5   53.75  49.25  88.    26.    26.
 126.5   55.25 141.75 137.75 114.5   23.25 154.5   26.75  45.5   23.25
  83.75  79.5  131.5   63.    50.25  24.25  26.    52.   158.   111.5 ]
Individuo 78: Media: 78.05833333333334, Desvio Padrão: 46.003155839814106
[151.5   41.75 115.75 121.5   39.5   53.75  49.25  88.    26.    26.
 126.5   55.25 141.75 137.75 114.5   23.25 154.5   26.75  45.5   23.25
  83.75  79.5  131.5   63.    50.25  24.25  26.    52.   158.   111.5 ]
Individuo 79: Media: 78.05833333333334, Desvio Padrão: 46.003155839814106
[151.5   41.75 115.75 121.5   39.5   53.75  49.25  88.    26.    26.
 126.5   55.25 141.75 137.75 114.5   23.25 154.5   26.75  45.5   23.25
  83.75  79.5  131.5   63.    50.25  24.25  26.    52.   158.   111.5 ]
Individuo 80: Media: 78.05833333333334, Desvio Padrão: 46.003155839814106
[151.5   41.75 115.75 121.5   39.5   53.75  49.25  88.    26.    26.
 126.5   55.25 141.75 137.75 114.5   23.25 154.5   26.75  45.5   23.25
  83.75  79.5  131.5   63.    50.25  24.25  26.    52.   158.   111.5 ]
Individuo 81: Media: 78.05833333333334, Desvio Padrão: 46.003155839814106
[151.5   41.75 115.75 121.5   39.5   53.75  49.25  88.    26.    26.
 126.5   55.25 141.75 137.75 114.5   23.25 154.5   26.75  45.5   23.25
  83.75  79.5  131.5   63.    50.25  24.25  26.    52.   158.   111.5 ]
Individuo 82: Media: 78.05833333333334, Desvio Padrão: 46.003155839814106
[151.5   41.75 115.75 121.5   39.5   53.75  49.25  88.    26.    26.
 126.5   55.25 141.75 137.75 114.5   23.25 154.5   26.75  45.5   23.25
  83.75  79.5  131.5   63.    50.25  24.25  26.    52.   158.   111.5 ]
Individuo 83: Media: 78.05833333333334, Desvio Padrão: 46.003155839814106
[151.5   41.75 115.75 121.5   39.5   53.75  49.25  88.    26.    26.
 126.5   55.25 141.75 137.75 114.5   23.25 154.5   26.75  45.5   23.25
  83.75  79.5  131.5   63.    50.25  24.25  26.    52.   158.   111.5 ]
Individuo 84: Media: 78.05833333333334, Desvio Padrão: 46.003155839814106
[151.5   41.75 115.75 121.5   39.5   53.75  49.25  88.    26.    26.
 126.5   55.25 141.75 137.75 114.5   23.25 154.5   26.75  45.5   23.25
  83.75  79.5  131.5   63.    50.25  24.25  26.    52.   158.   111.5 ]
Individuo 85: Media: 78.05833333333334, Desvio Padrão: 46.003155839814106
[151.5   41.75 115.75 121.5   39.5   53.75  49.25  88.    26.    26.
 126.5   55.25 141.75 137.75 114.5   23.25 154.5   26.75  45.5   23.25
  83.75  79.5  131.5   63.    50.25  24.25  26.    52.   158.   111.5 ]
Individuo 86: Media: 78.05833333333334, Desvio Padrão: 46.003155839814106
[151.5   41.75 115.75 121.5   39.5   53.75  49.25  88.    26.    26.
 126.5   55.25 141.75 137.75 114.5   23.25 154.5   26.75  45.5   23.25
  83.75  79.5  131.5   63.    50.25  24.25  26.    52.   158.   111.5 ]
Individuo 87: Media: 78.05833333333334, Desvio Padrão: 46.003155839814106
[151.5   41.75 115.75 121.5   39.5   53.75  49.25  88.    26.    26.
 126.5   55.25 141.75 137.75 114.5   23.25 154.5   26.75  45.5   23.25
  83.75  79.5  131.5   63.    50.25  24.25  26.    52.   158.   111.5 ]
Individuo 88: Media: 78.05833333333334, Desvio Padrão: 46.003155839814106
[151.5   41.75 115.75 121.5   39.5   53.75  49.25  88.    26.    26.
 126.5   55.25 141.75 137.75 114.5   23.25 154.5   26.75  45.5   23.25
  83.75  79.5  131.5   63.    50.25  24.25  26.    52.   158.   111.5 ]
Individuo 89: Media: 78.05833333333334, Desvio Padrão: 46.003155839814106
[151.5   41.75 115.75 121.5   39.5   53.75  49.25  88.    26.    26.
 126.5   55.25 141.75 137.75 114.5   23.25 154.5   26.75  45.5   23.25
  83.75  79.5  131.5   63.    50.25  24.25  26.    52.   158.   111.5 ]
Individuo 90: Media: 78.05833333333334, Desvio Padrão: 46.003155839814106
[151.5   41.75 115.75 121.5   39.5   53.75  49.25  88.    26.    26.
 126.5   55.25 141.75 137.75 114.5   23.25 154.5   26.75  45.5   23.25
  83.75  79.5  131.5   63.    50.25  24.25  26.    52.   158.   111.5 ]
Individuo 91: Media: 75.425, Desvio Padrão: 44.1309202827224
[151.5   41.75 115.75 121.5   39.5   53.75  49.25  37.5   26.75  26.
 126.5   55.25 117.25 137.75 113.75  23.25 154.75  42.    45.5   23.25
  83.75  79.75 147.75  63.    50.25  23.5   26.75  52.   122.   111.5 ]
Individuo 92: Media: 78.05833333333334, Desvio Padrão: 46.003155839814106
[151.5   41.75 115.75 121.5   39.5   53.75  49.25  88.    26.    26.
 126.5   55.25 141.75 137.75 114.5   23.25 154.5   26.75  45.5   23.25
  83.75  79.5  131.5   63.    50.25  24.25  26.    52.   158.   111.5 ]
Individuo 93: Media: 78.05833333333334, Desvio Padrão: 46.003155839814106
[151.5   41.75 115.75 121.5   39.5   53.75  49.25  88.    26.    26.
 126.5   55.25 141.75 137.75 114.5   23.25 154.5   26.75  45.5   23.25
  83.75  79.5  131.5   63.    50.25  24.25  26.    52.   158.   111.5 ]
Individuo 94: Media: 78.05833333333334, Desvio Padrão: 46.003155839814106
[151.5   41.75 115.75 121.5   39.5   53.75  49.25  88.    26.    26.
 126.5   55.25 141.75 137.75 114.5   23.25 154.5   26.75  45.5   23.25
  83.75  79.5  131.5   63.    50.25  24.25  26.    52.   158.   111.5 ]
Individuo 95: Media: 78.05833333333334, Desvio Padrão: 46.003155839814106
[151.5   41.75 115.75 121.5   39.5   53.75  49.25  88.    26.    26.
 126.5   55.25 141.75 137.75 114.5   23.25 154.5   26.75  45.5   23.25
  83.75  79.5  131.5   63.    50.25  24.25  26.    52.   158.   111.5 ]
Individuo 96: Media: 78.05833333333334, Desvio Padrão: 46.003155839814106
[151.5   41.75 115.75 121.5   39.5   53.75  49.25  88.    26.    26.
 126.5   55.25 141.75 137.75 114.5   23.25 154.5   26.75  45.5   23.25
  83.75  79.5  131.5   63.    50.25  24.25  26.    52.   158.   111.5 ]
Individuo 97: Media: 78.05833333333334, Desvio Padrão: 46.003155839814106
[151.5   41.75 115.75 121.5   39.5   53.75  49.25  88.    26.    26.
 126.5   55.25 141.75 137.75 114.5   23.25 154.5   26.75  45.5   23.25
  83.75  79.5  131.5   63.    50.25  24.25  26.    52.   158.   111.5 ]
Individuo 98: Media: 78.05833333333334, Desvio Padrão: 46.003155839814106
[151.5   41.75 115.75 121.5   39.5   53.75  49.25  88.    26.    26.
 126.5   55.25 141.75 137.75 114.5   23.25 154.5   26.75  45.5   23.25
  83.75  79.5  131.5   63.    50.25  24.25  26.    52.   158.   111.5 ]
Individuo 99: Media: 78.05833333333334, Desvio Padrão: 46.003155839814106
[151.5   41.75 115.75 121.5   39.5   53.75  49.25  88.    26.    26.
 126.5   55.25 141.75 137.75 114.5   23.25 154.5   26.75  45.5   23.25
  83.75  79.5  131.5   63.    50.25  24.25  26.    52.   158.   111.5 ]
Melhor Individuo: 0, Media: 78.05833333333334, Desvio Padrão: 46.003155839814106
[151.5   41.75 115.75 121.5   39.5   53.75  49.25  88.    26.    26.
 126.5   55.25 141.75 137.75 114.5   23.25 154.5   26.75  45.5   23.25
  83.75  79.5  131.5   63.    50.25  24.25  26.    52.   158.   111.5 ]
[-0.36984411076616336, 0.4517793003057553, -0.9260410211918653, -0.7582335197001739, -0.6973473381118653, -0.30227505157590207, -0.3821179220921611, -0.7908624455847462, -0.8714565307303572, -0.6654061520051763, -0.5329972920997577, 0.23291565646109813, -0.9835965988111317, 0.07112632232713789, 0.7114588736509144, 0.9281744303077968, 0.8506433776616138, 0.7850992109870008, 0.03169152037139855, -0.9386828301800045, 0.4177743531276683, 0.9530321320485509, -0.9082254432379075, -0.6820207102621932, 0.1450383612295949, -0.23028031891399303, 0.9626147486379313, -0.22338572186935102, 0.28526434603974016, 0.12920425953439452, -0.7300107169428547, 0.5544474069705672, 0.626945927772671, -0.16557360243073171, 0.4917431964304346, 0.4886165541138767, 0.12241709748513596, 0.4791942519522083, -0.18452940495653514, 0.09284212223477761, -0.9023864299623447, 0.6452963744298723, -0.0687543292184929, -0.05563827142279121, -0.769319683551016, 0.49764404762456715, 0.407769791958023, -0.8733397105022616, -0.6334203870155521, -0.518888507136916, -0.39753934298638827, 0.9496408993947798, -0.36453715149932775, -0.13305613718892229, 0.20300781618280528, 0.5795298270773706, -0.19124733729015597, 0.7605119852432676, -0.717955657108579, -0.7351842480362285, 0.7406407026518567, 0.42046025207880056, -0.7131201559647093, 0.05336353713449404, -0.8870841160819902, -0.9167327638935419, 0.5089153760931855, -0.6479328919685712, -0.4067741652026149, -0.6192473448379183, -0.07169063202103665, 0.42258425917706477, -0.023125566499857975, 0.23354817960767038, -0.400925538513482, 0.2772911573549417, 0.13700186425260696, -0.7261674257571992, -0.1948664562178748, -0.7559394257513152, -0.34202088660052343, 0.43197965900176594, 0.4383629831048239, 0.9893248762425402, 0.13780125337396976, 0.6257864663928447, -0.9003310556611563, 0.5455935831098253, -0.3796759695091275, -0.21286386787011335, -0.405798060193413, -0.6307625304372357, 0.5567127153677955, -0.21599441247528683, 0.9407988523134352, -0.3410663574637887, -0.015359557655066247, 0.8569141838800673, -0.6669048413979495, -0.4945379864709956, 0.1978978116951835, -0.10555646372589078, 0.742010246097464, -0.09360071395803127, 0.16229447849757805, 0.7118463567243167, -0.3083028410315118, -0.3981806556433101, 0.6770866321578237, -0.48877067224028664, -0.0963608859738736, 0.6584457781190307, 0.05430453021942916, -0.9315517853797182, 0.572920282658625, 0.29349522532617867, -0.6980534578510682, 0.48730508614251633, -0.2730148419309446, -0.6777930269194826, -0.13931687835519901, 0.758489756733213, -0.018066648858588885, 0.4345212019773592, -0.630725711982278, -0.24271081273645234, 0.30963225837088926, -0.5753269717980013, -0.43789467307358304, -0.1000367301130185, -0.7339266312474271, -0.7593680202292221, 0.7547427619524307, 0.5448650337178178, 0.7626347517788028, -0.16267837322087675, -0.1695255852898645, 0.4333208019389718, 0.7987956837620065, -0.19143325766531682, -0.6471761753532901, -0.34580934103818867, -0.4727918384829902, 0.43382184469053, 0.5096354855802145, -0.357665244937494, 0.1802684951875475, -0.04192205365676871, -0.11762754842176704, 0.30524113335973313, -0.6137873195528833, 0.5563064065054466, -0.4562732653157733, -0.44980164586412336, -0.776811539807067, -0.21489730572396826, 0.46797184510302614, -0.10172868829329484, 0.09559929973484604]
[['Aluno', np.float64(1.2832691387045583e-24)], [np.float64(1.862645149230957e-09), 'Prof']]

