Gráfico salvo como 'melhor_resultado_por_iteracao.png'
Individuo 0: Media: 132.06666666666666, Desvio Padrão: 78.48343597360034
[ 38.25 314.75 140.   173.    81.75  24.5   52.25 199.75  57.75 200.5
  61.75 199.25 115.25 133.25  63.75 140.25  39.75 253.25 178.5  202.
 262.5  137.25  63.   126.5   83.    79.25 156.75 276.    40.5   67.75]
Individuo 1: Media: 132.06666666666666, Desvio Padrão: 78.48343597360034
[ 38.25 314.75 140.   173.    81.75  24.5   52.25 199.75  57.75 200.5
  61.75 199.25 115.25 133.25  63.75 140.25  39.75 253.25 178.5  202.
 262.5  137.25  63.   126.5   83.    79.25 156.75 276.    40.5   67.75]
Individuo 2: Media: 126.975, Desvio Padrão: 68.90788990867931
[ 38.25 239.25 140.   173.    81.75  24.5   52.25 242.5   57.75 200.5
  61.75 199.25 115.25 133.25  63.75 140.25  40.   222.25 178.5  202.
 221.75 137.25  63.   126.5   83.    79.25 157.   227.    40.5   68.  ]
Individuo 3: Media: 141.59166666666667, Desvio Padrão: 89.33806307441913
[ 38.   314.75 139.75 187.    81.5   24.25  52.25 326.5   57.75 200.25
  61.5  199.   115.25 230.    63.75 314.75  40.   253.25 178.5  224.75
 178.5  137.25  62.75 126.5   82.75  79.   156.5  227.    27.    67.75]
Individuo 4: Media: 132.06666666666666, Desvio Padrão: 78.48343597360034
[ 38.25 314.75 140.   173.    81.75  24.5   52.25 199.75  57.75 200.5
  61.75 199.25 115.25 133.25  63.75 140.25  39.75 253.25 178.5  202.
 262.5  137.25  63.   126.5   83.    79.25 156.75 276.    40.5   67.75]
Individuo 5: Media: 132.06666666666666, Desvio Padrão: 78.48343597360034
[ 38.25 314.75 140.   173.    81.75  24.5   52.25 199.75  57.75 200.5
  61.75 199.25 115.25 133.25  63.75 140.25  39.75 253.25 178.5  202.
 262.5  137.25  63.   126.5   83.    79.25 156.75 276.    40.5   67.75]
Individuo 6: Media: 135.025, Desvio Padrão: 81.82255572273456
[ 38.   314.75 139.75 173.    81.75  24.25  52.25 326.5   57.75 200.25
  61.5  199.   115.25 230.    63.75 140.25  40.   253.25 178.5  202.
 178.5  137.25  63.   126.5   82.75  79.   156.75 227.    40.5   67.75]
Individuo 7: Media: 126.96666666666667, Desvio Padrão: 68.91842198490103
[ 38.25 239.25 140.   173.    81.75  24.5   52.25 242.5   57.75 200.5
  61.75 199.25 115.25 133.25  63.75 140.25  39.75 222.25 178.5  202.
 221.75 137.25  63.   126.5   83.    79.25 157.   227.    40.5   68.  ]
Individuo 8: Media: 23.658333333333335, Desvio Padrão: 0.7892067043697879
[24.75 23.75 23.5  23.25 23.25 23.5  25.25 23.5  23.5  23.25 23.25 23.5
 23.5  23.5  23.5  23.25 26.25 23.5  23.25 23.5  23.25 23.25 23.25 23.25
 23.25 23.25 23.25 23.25 23.25 26.  ]
Individuo 9: Media: 126.925, Desvio Padrão: 68.98070835385789
[ 38.25 239.25 140.   173.    81.75  23.25  52.25 242.5   57.75 200.5
  61.75 199.25 115.25 133.25  63.75 140.25  39.75 222.25 178.5  202.
 221.75 137.25  63.   126.5   83.    79.25 157.   227.    40.5   68.  ]
Individuo 10: Media: 132.06666666666666, Desvio Padrão: 78.48343597360034
[ 38.25 314.75 140.   173.    81.75  24.5   52.25 199.75  57.75 200.5
  61.75 199.25 115.25 133.25  63.75 140.25  39.75 253.25 178.5  202.
 262.5  137.25  63.   126.5   83.    79.25 156.75 276.    40.5   67.75]
Individuo 11: Media: 132.06666666666666, Desvio Padrão: 78.48343597360034
[ 38.25 314.75 140.   173.    81.75  24.5   52.25 199.75  57.75 200.5
  61.75 199.25 115.25 133.25  63.75 140.25  39.75 253.25 178.5  202.
 262.5  137.25  63.   126.5   83.    79.25 156.75 276.    40.5   67.75]
Individuo 12: Media: 132.06666666666666, Desvio Padrão: 78.48343597360034
[ 38.25 314.75 140.   173.    81.75  24.5   52.25 199.75  57.75 200.5
  61.75 199.25 115.25 133.25  63.75 140.25  39.75 253.25 178.5  202.
 262.5  137.25  63.   126.5   83.    79.25 156.75 276.    40.5   67.75]
Individuo 13: Media: 134.64166666666668, Desvio Padrão: 90.71327731129306
[ 38.   314.75 139.75  77.25  81.5   24.5   52.25 326.5   57.75 200.25
  61.5  199.   115.25 230.    63.75 314.75  39.75 253.25 178.5  224.75
 178.5  137.25  62.75 126.5   82.75  79.    57.75 227.    27.    67.75]
Individuo 14: Media: 133.65833333333333, Desvio Padrão: 78.02946781327053
[ 38.   314.75 140.   173.    81.75  24.5   52.25 199.75  57.75 200.5
  61.75 199.25 115.25 230.    63.75 140.25  39.75 253.25 178.5  202.
 262.5  137.25  63.   126.5   83.    79.25 157.   227.    40.5   67.75]
Individuo 15: Media: 132.06666666666666, Desvio Padrão: 78.48343597360034
[ 38.25 314.75 140.   173.    81.75  24.5   52.25 199.75  57.75 200.5
  61.75 199.25 115.25 133.25  63.75 140.25  39.75 253.25 178.5  202.
 262.5  137.25  63.   126.5   83.    79.25 156.75 276.    40.5   67.75]
Individuo 16: Media: 132.06666666666666, Desvio Padrão: 78.48343597360034
[ 38.25 314.75 140.   173.    81.75  24.5   52.25 199.75  57.75 200.5
  61.75 199.25 115.25 133.25  63.75 140.25  39.75 253.25 178.5  202.
 262.5  137.25  63.   126.5   83.    79.25 156.75 276.    40.5   67.75]
Individuo 17: Media: 132.06666666666666, Desvio Padrão: 78.48343597360034
[ 38.25 314.75 140.   173.    81.75  24.5   52.25 199.75  57.75 200.5
  61.75 199.25 115.25 133.25  63.75 140.25  39.75 253.25 178.5  202.
 262.5  137.25  63.   126.5   83.    79.25 156.75 276.    40.5   67.75]
Individuo 18: Media: 132.06666666666666, Desvio Padrão: 78.48343597360034
[ 38.25 314.75 140.   173.    81.75  24.5   52.25 199.75  57.75 200.5
  61.75 199.25 115.25 133.25  63.75 140.25  39.75 253.25 178.5  202.
 262.5  137.25  63.   126.5   83.    79.25 156.75 276.    40.5   67.75]
Individuo 19: Media: 132.06666666666666, Desvio Padrão: 78.48343597360034
[ 38.25 314.75 140.   173.    81.75  24.5   52.25 199.75  57.75 200.5
  61.75 199.25 115.25 133.25  63.75 140.25  39.75 253.25 178.5  202.
 262.5  137.25  63.   126.5   83.    79.25 156.75 276.    40.5   67.75]
Individuo 20: Media: 132.06666666666666, Desvio Padrão: 78.48343597360034
[ 38.25 314.75 140.   173.    81.75  24.5   52.25 199.75  57.75 200.5
  61.75 199.25 115.25 133.25  63.75 140.25  39.75 253.25 178.5  202.
 262.5  137.25  63.   126.5   83.    79.25 156.75 276.    40.5   67.75]
Individuo 21: Media: 132.06666666666666, Desvio Padrão: 78.48343597360034
[ 38.25 314.75 140.   173.    81.75  24.5   52.25 199.75  57.75 200.5
  61.75 199.25 115.25 133.25  63.75 140.25  39.75 253.25 178.5  202.
 262.5  137.25  63.   126.5   83.    79.25 156.75 276.    40.5   67.75]
Individuo 22: Media: 135.025, Desvio Padrão: 81.82255572273456
[ 38.   314.75 139.75 173.    81.75  24.25  52.25 326.5   57.75 200.25
  61.5  199.   115.25 230.    63.75 140.25  40.   253.25 178.5  202.
 178.5  137.25  63.   126.5   82.75  79.   156.75 227.    40.5   67.75]
Individuo 23: Media: 126.975, Desvio Padrão: 68.90788990867931
[ 38.25 239.25 140.   173.    81.75  24.5   52.25 242.5   57.75 200.5
  61.75 199.25 115.25 133.25  63.75 140.25  40.   222.25 178.5  202.
 221.75 137.25  63.   126.5   83.    79.25 157.   227.    40.5   68.  ]
Individuo 24: Media: 132.06666666666666, Desvio Padrão: 78.48343597360034
[ 38.25 314.75 140.   173.    81.75  24.5   52.25 199.75  57.75 200.5
  61.75 199.25 115.25 133.25  63.75 140.25  39.75 253.25 178.5  202.
 262.5  137.25  63.   126.5   83.    79.25 156.75 276.    40.5   67.75]
Individuo 25: Media: 132.06666666666666, Desvio Padrão: 78.48343597360034
[ 38.25 314.75 140.   173.    81.75  24.5   52.25 199.75  57.75 200.5
  61.75 199.25 115.25 133.25  63.75 140.25  39.75 253.25 178.5  202.
 262.5  137.25  63.   126.5   83.    79.25 156.75 276.    40.5   67.75]
Individuo 26: Media: 132.06666666666666, Desvio Padrão: 78.48343597360034
[ 38.25 314.75 140.   173.    81.75  24.5   52.25 199.75  57.75 200.5
  61.75 199.25 115.25 133.25  63.75 140.25  39.75 253.25 178.5  202.
 262.5  137.25  63.   126.5   83.    79.25 156.75 276.    40.5   67.75]
Individuo 27: Media: 132.06666666666666, Desvio Padrão: 78.48343597360034
[ 38.25 314.75 140.   173.    81.75  24.5   52.25 199.75  57.75 200.5
  61.75 199.25 115.25 133.25  63.75 140.25  39.75 253.25 178.5  202.
 262.5  137.25  63.   126.5   83.    79.25 156.75 276.    40.5   67.75]
Individuo 28: Media: 132.06666666666666, Desvio Padrão: 78.48343597360034
[ 38.25 314.75 140.   173.    81.75  24.5   52.25 199.75  57.75 200.5
  61.75 199.25 115.25 133.25  63.75 140.25  39.75 253.25 178.5  202.
 262.5  137.25  63.   126.5   83.    79.25 156.75 276.    40.5   67.75]
Individuo 29: Media: 132.06666666666666, Desvio Padrão: 78.48343597360034
[ 38.25 314.75 140.   173.    81.75  24.5   52.25 199.75  57.75 200.5
  61.75 199.25 115.25 133.25  63.75 140.25  39.75 253.25 178.5  202.
 262.5  137.25  63.   126.5   83.    79.25 156.75 276.    40.5   67.75]
Individuo 30: Media: 133.65833333333333, Desvio Padrão: 78.02946781327053
[ 38.   314.75 140.   173.    81.75  24.5   52.25 199.75  57.75 200.5
  61.75 199.25 115.25 230.    63.75 140.25  39.75 253.25 178.5  202.
 262.5  137.25  63.   126.5   83.    79.25 157.   227.    40.5   67.75]
Individuo 31: Media: 132.06666666666666, Desvio Padrão: 78.48343597360034
[ 38.25 314.75 140.   173.    81.75  24.5   52.25 199.75  57.75 200.5
  61.75 199.25 115.25 133.25  63.75 140.25  39.75 253.25 178.5  202.
 262.5  137.25  63.   126.5   83.    79.25 156.75 276.    40.5   67.75]
Individuo 32: Media: 132.06666666666666, Desvio Padrão: 78.48343597360034
[ 38.25 314.75 140.   173.    81.75  24.5   52.25 199.75  57.75 200.5
  61.75 199.25 115.25 133.25  63.75 140.25  39.75 253.25 178.5  202.
 262.5  137.25  63.   126.5   83.    79.25 156.75 276.    40.5   67.75]
Individuo 33: Media: 132.075, Desvio Padrão: 78.47574333299856
[ 38.   314.75 140.   173.    81.75  24.5   52.25 199.75  58.   200.5
  61.75 199.25 115.25 133.25  63.75 140.25  40.   253.25 178.5  202.
 262.5  137.25  63.   126.5   83.    79.25 156.75 276.    40.5   67.75]
Individuo 34: Media: 132.06666666666666, Desvio Padrão: 78.48343597360034
[ 38.25 314.75 140.   173.    81.75  24.5   52.25 199.75  57.75 200.5
  61.75 199.25 115.25 133.25  63.75 140.25  39.75 253.25 178.5  202.
 262.5  137.25  63.   126.5   83.    79.25 156.75 276.    40.5   67.75]
Individuo 35: Media: 132.06666666666666, Desvio Padrão: 78.48343597360034
[ 38.25 314.75 140.   173.    81.75  24.5   52.25 199.75  57.75 200.5
  61.75 199.25 115.25 133.25  63.75 140.25  39.75 253.25 178.5  202.
 262.5  137.25  63.   126.5   83.    79.25 156.75 276.    40.5   67.75]
Individuo 36: Media: 132.06666666666666, Desvio Padrão: 78.48343597360034
[ 38.25 314.75 140.   173.    81.75  24.5   52.25 199.75  57.75 200.5
  61.75 199.25 115.25 133.25  63.75 140.25  39.75 253.25 178.5  202.
 262.5  137.25  63.   126.5   83.    79.25 156.75 276.    40.5   67.75]
Individuo 37: Media: 132.06666666666666, Desvio Padrão: 78.48343597360034
[ 38.25 314.75 140.   173.    81.75  24.5   52.25 199.75  57.75 200.5
  61.75 199.25 115.25 133.25  63.75 140.25  39.75 253.25 178.5  202.
 262.5  137.25  63.   126.5   83.    79.25 156.75 276.    40.5   67.75]
Individuo 38: Media: 132.075, Desvio Padrão: 78.47574333299856
[ 38.   314.75 140.   173.    81.75  24.5   52.25 199.75  58.   200.5
  61.75 199.25 115.25 133.25  63.75 140.25  40.   253.25 178.5  202.
 262.5  137.25  63.   126.5   83.    79.25 156.75 276.    40.5   67.75]
Individuo 39: Media: 132.06666666666666, Desvio Padrão: 78.48343597360034
[ 38.25 314.75 140.   173.    81.75  24.5   52.25 199.75  57.75 200.5
  61.75 199.25 115.25 133.25  63.75 140.25  39.75 253.25 178.5  202.
 262.5  137.25  63.   126.5   83.    79.25 156.75 276.    40.5   67.75]
Individuo 40: Media: 132.06666666666666, Desvio Padrão: 78.48343597360034
[ 38.25 314.75 140.   173.    81.75  24.5   52.25 199.75  57.75 200.5
  61.75 199.25 115.25 133.25  63.75 140.25  39.75 253.25 178.5  202.
 262.5  137.25  63.   126.5   83.    79.25 156.75 276.    40.5   67.75]
Individuo 41: Media: 132.06666666666666, Desvio Padrão: 78.48343597360034
[ 38.25 314.75 140.   173.    81.75  24.5   52.25 199.75  57.75 200.5
  61.75 199.25 115.25 133.25  63.75 140.25  39.75 253.25 178.5  202.
 262.5  137.25  63.   126.5   83.    79.25 156.75 276.    40.5   67.75]
Individuo 42: Media: 132.06666666666666, Desvio Padrão: 78.48343597360034
[ 38.25 314.75 140.   173.    81.75  24.5   52.25 199.75  57.75 200.5
  61.75 199.25 115.25 133.25  63.75 140.25  39.75 253.25 178.5  202.
 262.5  137.25  63.   126.5   83.    79.25 156.75 276.    40.5   67.75]
Individuo 43: Media: 132.06666666666666, Desvio Padrão: 78.48343597360034
[ 38.25 314.75 140.   173.    81.75  24.5   52.25 199.75  57.75 200.5
  61.75 199.25 115.25 133.25  63.75 140.25  39.75 253.25 178.5  202.
 262.5  137.25  63.   126.5   83.    79.25 156.75 276.    40.5   67.75]
Individuo 44: Media: 126.975, Desvio Padrão: 68.90788990867931
[ 38.25 239.25 140.   173.    81.75  24.5   52.25 242.5   57.75 200.5
  61.75 199.25 115.25 133.25  63.75 140.25  40.   222.25 178.5  202.
 221.75 137.25  63.   126.5   83.    79.25 157.   227.    40.5   68.  ]
Individuo 45: Media: 132.06666666666666, Desvio Padrão: 78.48343597360034
[ 38.25 314.75 140.   173.    81.75  24.5   52.25 199.75  57.75 200.5
  61.75 199.25 115.25 133.25  63.75 140.25  39.75 253.25 178.5  202.
 262.5  137.25  63.   126.5   83.    79.25 156.75 276.    40.5   67.75]
Individuo 46: Media: 132.06666666666666, Desvio Padrão: 78.48343597360034
[ 38.25 314.75 140.   173.    81.75  24.5   52.25 199.75  57.75 200.5
  61.75 199.25 115.25 133.25  63.75 140.25  39.75 253.25 178.5  202.
 262.5  137.25  63.   126.5   83.    79.25 156.75 276.    40.5   67.75]
Individuo 47: Media: 132.06666666666666, Desvio Padrão: 78.48343597360034
[ 38.25 314.75 140.   173.    81.75  24.5   52.25 199.75  57.75 200.5
  61.75 199.25 115.25 133.25  63.75 140.25  39.75 253.25 178.5  202.
 262.5  137.25  63.   126.5   83.    79.25 156.75 276.    40.5   67.75]
Individuo 48: Media: 132.06666666666666, Desvio Padrão: 78.48343597360034
[ 38.25 314.75 140.   173.    81.75  24.5   52.25 199.75  57.75 200.5
  61.75 199.25 115.25 133.25  63.75 140.25  39.75 253.25 178.5  202.
 262.5  137.25  63.   126.5   83.    79.25 156.75 276.    40.5   67.75]
Individuo 49: Media: 132.06666666666666, Desvio Padrão: 78.48343597360034
[ 38.25 314.75 140.   173.    81.75  24.5   52.25 199.75  57.75 200.5
  61.75 199.25 115.25 133.25  63.75 140.25  39.75 253.25 178.5  202.
 262.5  137.25  63.   126.5   83.    79.25 156.75 276.    40.5   67.75]
Individuo 50: Media: 132.06666666666666, Desvio Padrão: 78.48343597360034
[ 38.25 314.75 140.   173.    81.75  24.5   52.25 199.75  57.75 200.5
  61.75 199.25 115.25 133.25  63.75 140.25  39.75 253.25 178.5  202.
 262.5  137.25  63.   126.5   83.    79.25 156.75 276.    40.5   67.75]
Individuo 51: Media: 132.06666666666666, Desvio Padrão: 78.48343597360034
[ 38.25 314.75 140.   173.    81.75  24.5   52.25 199.75  57.75 200.5
  61.75 199.25 115.25 133.25  63.75 140.25  39.75 253.25 178.5  202.
 262.5  137.25  63.   126.5   83.    79.25 156.75 276.    40.5   67.75]
Individuo 52: Media: 132.06666666666666, Desvio Padrão: 78.48343597360034
[ 38.25 314.75 140.   173.    81.75  24.5   52.25 199.75  57.75 200.5
  61.75 199.25 115.25 133.25  63.75 140.25  39.75 253.25 178.5  202.
 262.5  137.25  63.   126.5   83.    79.25 156.75 276.    40.5   67.75]
Individuo 53: Media: 132.06666666666666, Desvio Padrão: 78.48343597360034
[ 38.25 314.75 140.   173.    81.75  24.5   52.25 199.75  57.75 200.5
  61.75 199.25 115.25 133.25  63.75 140.25  39.75 253.25 178.5  202.
 262.5  137.25  63.   126.5   83.    79.25 156.75 276.    40.5   67.75]
Individuo 54: Media: 132.06666666666666, Desvio Padrão: 78.48343597360034
[ 38.25 314.75 140.   173.    81.75  24.5   52.25 199.75  57.75 200.5
  61.75 199.25 115.25 133.25  63.75 140.25  39.75 253.25 178.5  202.
 262.5  137.25  63.   126.5   83.    79.25 156.75 276.    40.5   67.75]
Individuo 55: Media: 132.06666666666666, Desvio Padrão: 78.48343597360034
[ 38.25 314.75 140.   173.    81.75  24.5   52.25 199.75  57.75 200.5
  61.75 199.25 115.25 133.25  63.75 140.25  39.75 253.25 178.5  202.
 262.5  137.25  63.   126.5   83.    79.25 156.75 276.    40.5   67.75]
Individuo 56: Media: 132.06666666666666, Desvio Padrão: 78.48343597360034
[ 38.25 314.75 140.   173.    81.75  24.5   52.25 199.75  57.75 200.5
  61.75 199.25 115.25 133.25  63.75 140.25  39.75 253.25 178.5  202.
 262.5  137.25  63.   126.5   83.    79.25 156.75 276.    40.5   67.75]
Individuo 57: Media: 132.06666666666666, Desvio Padrão: 78.48343597360034
[ 38.25 314.75 140.   173.    81.75  24.5   52.25 199.75  57.75 200.5
  61.75 199.25 115.25 133.25  63.75 140.25  39.75 253.25 178.5  202.
 262.5  137.25  63.   126.5   83.    79.25 156.75 276.    40.5   67.75]
Individuo 58: Media: 132.06666666666666, Desvio Padrão: 78.48343597360034
[ 38.25 314.75 140.   173.    81.75  24.5   52.25 199.75  57.75 200.5
  61.75 199.25 115.25 133.25  63.75 140.25  39.75 253.25 178.5  202.
 262.5  137.25  63.   126.5   83.    79.25 156.75 276.    40.5   67.75]
Individuo 59: Media: 132.06666666666666, Desvio Padrão: 78.48343597360034
[ 38.25 314.75 140.   173.    81.75  24.5   52.25 199.75  57.75 200.5
  61.75 199.25 115.25 133.25  63.75 140.25  39.75 253.25 178.5  202.
 262.5  137.25  63.   126.5   83.    79.25 156.75 276.    40.5   67.75]
Individuo 60: Media: 135.025, Desvio Padrão: 81.82255572273456
[ 38.   314.75 139.75 173.    81.75  24.25  52.25 326.5   57.75 200.25
  61.5  199.   115.25 230.    63.75 140.25  40.   253.25 178.5  202.
 178.5  137.25  63.   126.5   82.75  79.   156.75 227.    40.5   67.75]
Individuo 61: Media: 126.975, Desvio Padrão: 68.90788990867931
[ 38.25 239.25 140.   173.    81.75  24.5   52.25 242.5   57.75 200.5
  61.75 199.25 115.25 133.25  63.75 140.25  40.   222.25 178.5  202.
 221.75 137.25  63.   126.5   83.    79.25 157.   227.    40.5   68.  ]
Individuo 62: Media: 126.96666666666667, Desvio Padrão: 68.91842198490103
[ 38.25 239.25 140.   173.    81.75  24.5   52.25 242.5   57.75 200.5
  61.75 199.25 115.25 133.25  63.75 140.25  39.75 222.25 178.5  202.
 221.75 137.25  63.   126.5   83.    79.25 157.   227.    40.5   68.  ]
Individuo 63: Media: 132.06666666666666, Desvio Padrão: 78.48343597360034
[ 38.25 314.75 140.   173.    81.75  24.5   52.25 199.75  57.75 200.5
  61.75 199.25 115.25 133.25  63.75 140.25  39.75 253.25 178.5  202.
 262.5  137.25  63.   126.5   83.    79.25 156.75 276.    40.5   67.75]
Individuo 64: Media: 132.075, Desvio Padrão: 78.47574333299856
[ 38.   314.75 140.   173.    81.75  24.5   52.25 199.75  58.   200.5
  61.75 199.25 115.25 133.25  63.75 140.25  40.   253.25 178.5  202.
 262.5  137.25  63.   126.5   83.    79.25 156.75 276.    40.5   67.75]
Individuo 65: Media: 132.06666666666666, Desvio Padrão: 78.48343597360034
[ 38.25 314.75 140.   173.    81.75  24.5   52.25 199.75  57.75 200.5
  61.75 199.25 115.25 133.25  63.75 140.25  39.75 253.25 178.5  202.
 262.5  137.25  63.   126.5   83.    79.25 156.75 276.    40.5   67.75]
Individuo 66: Media: 132.06666666666666, Desvio Padrão: 78.48343597360034
[ 38.25 314.75 140.   173.    81.75  24.5   52.25 199.75  57.75 200.5
  61.75 199.25 115.25 133.25  63.75 140.25  39.75 253.25 178.5  202.
 262.5  137.25  63.   126.5   83.    79.25 156.75 276.    40.5   67.75]
Individuo 67: Media: 132.06666666666666, Desvio Padrão: 78.48343597360034
[ 38.25 314.75 140.   173.    81.75  24.5   52.25 199.75  57.75 200.5
  61.75 199.25 115.25 133.25  63.75 140.25  39.75 253.25 178.5  202.
 262.5  137.25  63.   126.5   83.    79.25 156.75 276.    40.5   67.75]
Individuo 68: Media: 30.916666666666668, Desvio Padrão: 11.340622655843118
[23.25 23.75 23.5  26.5  47.25 24.5  23.5  26.75 23.5  23.25 26.   23.5
 23.5  23.5  46.75 53.75 23.5  50.5  26.5  46.5  53.25 49.   26.5  23.25
 49.   23.25 23.5  23.25 23.25 23.5 ]
Individuo 69: Media: 135.05833333333334, Desvio Padrão: 81.80356765175684
[ 38.   314.75 139.75 173.    81.75  24.5   52.25 326.5   57.75 200.25
  61.75 199.   115.25 230.    63.75 140.25  39.75 253.25 178.5  202.
 178.5  137.25  63.   126.5   83.    79.   157.   227.    40.5   68.  ]
Individuo 70: Media: 132.06666666666666, Desvio Padrão: 78.48343597360034
[ 38.25 314.75 140.   173.    81.75  24.5   52.25 199.75  57.75 200.5
  61.75 199.25 115.25 133.25  63.75 140.25  39.75 253.25 178.5  202.
 262.5  137.25  63.   126.5   83.    79.25 156.75 276.    40.5   67.75]
Individuo 71: Media: 132.06666666666666, Desvio Padrão: 78.48343597360034
[ 38.25 314.75 140.   173.    81.75  24.5   52.25 199.75  57.75 200.5
  61.75 199.25 115.25 133.25  63.75 140.25  39.75 253.25 178.5  202.
 262.5  137.25  63.   126.5   83.    79.25 156.75 276.    40.5   67.75]
Individuo 72: Media: 132.06666666666666, Desvio Padrão: 78.48343597360034
[ 38.25 314.75 140.   173.    81.75  24.5   52.25 199.75  57.75 200.5
  61.75 199.25 115.25 133.25  63.75 140.25  39.75 253.25 178.5  202.
 262.5  137.25  63.   126.5   83.    79.25 156.75 276.    40.5   67.75]
Individuo 73: Media: 135.05833333333334, Desvio Padrão: 81.80356765175684
[ 38.   314.75 139.75 173.    81.75  24.5   52.25 326.5   57.75 200.25
  61.75 199.   115.25 230.    63.75 140.25  39.75 253.25 178.5  202.
 178.5  137.25  63.   126.5   83.    79.   157.   227.    40.5   68.  ]
Individuo 74: Media: 132.06666666666666, Desvio Padrão: 78.48343597360034
[ 38.25 314.75 140.   173.    81.75  24.5   52.25 199.75  57.75 200.5
  61.75 199.25 115.25 133.25  63.75 140.25  39.75 253.25 178.5  202.
 262.5  137.25  63.   126.5   83.    79.25 156.75 276.    40.5   67.75]
Individuo 75: Media: 132.075, Desvio Padrão: 78.47574333299856
[ 38.   314.75 140.   173.    81.75  24.5   52.25 199.75  58.   200.5
  61.75 199.25 115.25 133.25  63.75 140.25  40.   253.25 178.5  202.
 262.5  137.25  63.   126.5   83.    79.25 156.75 276.    40.5   67.75]
Individuo 76: Media: 132.06666666666666, Desvio Padrão: 78.48343597360034
[ 38.25 314.75 140.   173.    81.75  24.5   52.25 199.75  57.75 200.5
  61.75 199.25 115.25 133.25  63.75 140.25  39.75 253.25 178.5  202.
 262.5  137.25  63.   126.5   83.    79.25 156.75 276.    40.5   67.75]
Individuo 77: Media: 132.06666666666666, Desvio Padrão: 78.48343597360034
[ 38.25 314.75 140.   173.    81.75  24.5   52.25 199.75  57.75 200.5
  61.75 199.25 115.25 133.25  63.75 140.25  39.75 253.25 178.5  202.
 262.5  137.25  63.   126.5   83.    79.25 156.75 276.    40.5   67.75]
Individuo 78: Media: 135.025, Desvio Padrão: 81.82255572273456
[ 38.   314.75 139.75 173.    81.75  24.25  52.25 326.5   57.75 200.25
  61.5  199.   115.25 230.    63.75 140.25  40.   253.25 178.5  202.
 178.5  137.25  63.   126.5   82.75  79.   156.75 227.    40.5   67.75]
Individuo 79: Media: 132.06666666666666, Desvio Padrão: 78.48343597360034
[ 38.25 314.75 140.   173.    81.75  24.5   52.25 199.75  57.75 200.5
  61.75 199.25 115.25 133.25  63.75 140.25  39.75 253.25 178.5  202.
 262.5  137.25  63.   126.5   83.    79.25 156.75 276.    40.5   67.75]
Individuo 80: Media: 134.625, Desvio Padrão: 90.73229280875323
[ 37.75 314.75 139.75  77.25  81.5   24.25  52.25 326.5   57.75 200.25
  61.5  199.   115.25 230.    63.75 314.75  39.75 253.25 178.5  224.75
 178.5  137.25  62.75 126.5   82.75  79.    57.75 227.    27.    67.75]
Individuo 81: Media: 132.06666666666666, Desvio Padrão: 78.48343597360034
[ 38.25 314.75 140.   173.    81.75  24.5   52.25 199.75  57.75 200.5
  61.75 199.25 115.25 133.25  63.75 140.25  39.75 253.25 178.5  202.
 262.5  137.25  63.   126.5   83.    79.25 156.75 276.    40.5   67.75]
Individuo 82: Media: 132.06666666666666, Desvio Padrão: 78.48343597360034
[ 38.25 314.75 140.   173.    81.75  24.5   52.25 199.75  57.75 200.5
  61.75 199.25 115.25 133.25  63.75 140.25  39.75 253.25 178.5  202.
 262.5  137.25  63.   126.5   83.    79.25 156.75 276.    40.5   67.75]
Individuo 83: Media: 132.06666666666666, Desvio Padrão: 78.48343597360034
[ 38.25 314.75 140.   173.    81.75  24.5   52.25 199.75  57.75 200.5
  61.75 199.25 115.25 133.25  63.75 140.25  39.75 253.25 178.5  202.
 262.5  137.25  63.   126.5   83.    79.25 156.75 276.    40.5   67.75]
Individuo 84: Media: 24.266666666666666, Desvio Padrão: 0.2733536577809455
[24.5  24.5  24.   24.   24.5  23.75 24.   24.   24.5  24.   23.75 24.5
 24.5  24.5  24.   24.5  24.5  24.5  24.   24.5  24.   24.5  24.   24.
 24.5  24.5  24.5  24.5  24.   24.5 ]
Individuo 85: Media: 126.925, Desvio Padrão: 68.98070835385789
[ 38.25 239.25 140.   173.    81.75  23.25  52.25 242.5   57.75 200.5
  61.75 199.25 115.25 133.25  63.75 140.25  39.75 222.25 178.5  202.
 221.75 137.25  63.   126.5   83.    79.25 157.   227.    40.5   68.  ]
Individuo 86: Media: 132.06666666666666, Desvio Padrão: 78.48343597360034
[ 38.25 314.75 140.   173.    81.75  24.5   52.25 199.75  57.75 200.5
  61.75 199.25 115.25 133.25  63.75 140.25  39.75 253.25 178.5  202.
 262.5  137.25  63.   126.5   83.    79.25 156.75 276.    40.5   67.75]
Individuo 87: Media: 30.916666666666668, Desvio Padrão: 11.340622655843118
[23.25 23.75 23.5  26.5  47.25 24.5  23.5  26.75 23.5  23.25 26.   23.5
 23.5  23.5  46.75 53.75 23.5  50.5  26.5  46.5  53.25 49.   26.5  23.25
 49.   23.25 23.5  23.25 23.25 23.5 ]
Individuo 88: Media: 132.06666666666666, Desvio Padrão: 78.48343597360034
[ 38.25 314.75 140.   173.    81.75  24.5   52.25 199.75  57.75 200.5
  61.75 199.25 115.25 133.25  63.75 140.25  39.75 253.25 178.5  202.
 262.5  137.25  63.   126.5   83.    79.25 156.75 276.    40.5   67.75]
Individuo 89: Media: 132.06666666666666, Desvio Padrão: 78.48343597360034
[ 38.25 314.75 140.   173.    81.75  24.5   52.25 199.75  57.75 200.5
  61.75 199.25 115.25 133.25  63.75 140.25  39.75 253.25 178.5  202.
 262.5  137.25  63.   126.5   83.    79.25 156.75 276.    40.5   67.75]
Individuo 90: Media: 132.06666666666666, Desvio Padrão: 78.48343597360034
[ 38.25 314.75 140.   173.    81.75  24.5   52.25 199.75  57.75 200.5
  61.75 199.25 115.25 133.25  63.75 140.25  39.75 253.25 178.5  202.
 262.5  137.25  63.   126.5   83.    79.25 156.75 276.    40.5   67.75]
Individuo 91: Media: 135.025, Desvio Padrão: 81.82255572273456
[ 38.   314.75 139.75 173.    81.75  24.25  52.25 326.5   57.75 200.25
  61.5  199.   115.25 230.    63.75 140.25  40.   253.25 178.5  202.
 178.5  137.25  63.   126.5   82.75  79.   156.75 227.    40.5   67.75]
Individuo 92: Media: 126.975, Desvio Padrão: 68.90788990867931
[ 38.25 239.25 140.   173.    81.75  24.5   52.25 242.5   57.75 200.5
  61.75 199.25 115.25 133.25  63.75 140.25  40.   222.25 178.5  202.
 221.75 137.25  63.   126.5   83.    79.25 157.   227.    40.5   68.  ]
Individuo 93: Media: 135.025, Desvio Padrão: 81.82255572273456
[ 38.   314.75 139.75 173.    81.75  24.25  52.25 326.5   57.75 200.25
  61.5  199.   115.25 230.    63.75 140.25  40.   253.25 178.5  202.
 178.5  137.25  63.   126.5   82.75  79.   156.75 227.    40.5   67.75]
Individuo 94: Media: 133.65833333333333, Desvio Padrão: 78.02946781327053
[ 38.   314.75 140.   173.    81.75  24.5   52.25 199.75  57.75 200.5
  61.75 199.25 115.25 230.    63.75 140.25  39.75 253.25 178.5  202.
 262.5  137.25  63.   126.5   83.    79.25 157.   227.    40.5   67.75]
Individuo 95: Media: 132.06666666666666, Desvio Padrão: 78.48343597360034
[ 38.25 314.75 140.   173.    81.75  24.5   52.25 199.75  57.75 200.5
  61.75 199.25 115.25 133.25  63.75 140.25  39.75 253.25 178.5  202.
 262.5  137.25  63.   126.5   83.    79.25 156.75 276.    40.5   67.75]
Individuo 96: Media: 132.06666666666666, Desvio Padrão: 78.48343597360034
[ 38.25 314.75 140.   173.    81.75  24.5   52.25 199.75  57.75 200.5
  61.75 199.25 115.25 133.25  63.75 140.25  39.75 253.25 178.5  202.
 262.5  137.25  63.   126.5   83.    79.25 156.75 276.    40.5   67.75]
Individuo 97: Media: 137.85833333333332, Desvio Padrão: 84.62088698358632
[ 38.   314.75 139.75 173.    81.75  24.5   52.25 326.5   57.75 200.25
  61.75 199.   115.25 230.    63.75 140.25  40.   253.25 178.5  202.
 262.5  137.25  63.   126.5   83.    79.25 156.75 227.    40.5   67.75]
Individuo 98: Media: 132.06666666666666, Desvio Padrão: 78.48343597360034
[ 38.25 314.75 140.   173.    81.75  24.5   52.25 199.75  57.75 200.5
  61.75 199.25 115.25 133.25  63.75 140.25  39.75 253.25 178.5  202.
 262.5  137.25  63.   126.5   83.    79.25 156.75 276.    40.5   67.75]
Individuo 99: Media: 116.28333333333333, Desvio Padrão: 93.89270768039208
[ 36.75 314.75 139.25  76.75  50.5   23.75  52.25 343.25  57.5  199.75
  61.    81.75  68.75  91.25  66.25 140.25  39.75  97.   351.75 224.25
 288.   136.75  62.25 126.    82.25  78.5   57.25  46.75  27.    67.25]
Melhor Individuo: 2, Media: 126.975, Desvio Padrão: 68.90788990867931
[ 38.25 239.25 140.   173.    81.75  24.5   52.25 242.5   57.75 200.5
  61.75 199.25 115.25 133.25  63.75 140.25  40.   222.25 178.5  202.
 221.75 137.25  63.   126.5   83.    79.25 157.   227.    40.5   68.  ]
[-0.10916359407648168, -0.41830172631795715, -0.16145550367375794, -0.9384485585515097, -0.01329068577851411, -0.5134326580587685, -0.8529739498457032, 0.18184011736501304, 0.6144535313885942, -0.5852619912844623, 0.7521822246318268, 0.13987392325470724, 0.18327701295796972, 0.44869788970666424, 0.134549094897071, -0.2078641884106407, -0.8139792169772173, -0.13222838229449718, -0.010861996718949218, 0.12440178755835518, 0.6936478106699042, 0.34798107139217516, -0.43146884123960927, 0.8210411897525871, 0.5371555891845128, 0.01746632036474391, -0.2449811211451267, 0.8842501584174003, 0.08465479354372718, -0.14778060295791573, -0.4964609451846709, -0.18916905291974173]
/home/gnizama/Documents/Trab2 - IA/Dino/dinoAIParallel.py:1006: UserWarning: set_ticklabels() should only be used with a fixed number of ticks, i.e. after set_ticks() or using a FixedLocator.
  boxplots.set_xticklabels(["Aluno", "Professor"])
Gráfico salvo como 'boxplot_xprof.png'
[['Aluno', np.float64(2.8712725126279335e-23)], [np.float64(1.862645149230957e-09), 'Prof']]
       0     1
0  Aluno   0.0
1    0.0  Prof

