Individuo 0: Media: 89.15833333333333, Desvio Padrão: 46.366406810918136
[141.75  42.   115.25  73.25  23.25 197.5  142.75  38.    23.25  41.5
  79.5   50.5   86.5   71.5   64.25 106.    61.25  37.75 158.25 120.75
 146.75  38.75 177.75  90.25  76.5   79.5   93.5   84.75  62.5  149.75]
Individuo 1: Media: 89.15833333333333, Desvio Padrão: 46.366406810918136
[141.75  42.   115.25  73.25  23.25 197.5  142.75  38.    23.25  41.5
  79.5   50.5   86.5   71.5   64.25 106.    61.25  37.75 158.25 120.75
 146.75  38.75 177.75  90.25  76.5   79.5   93.5   84.75  62.5  149.75]
Individuo 2: Media: 89.15833333333333, Desvio Padrão: 46.366406810918136
[141.75  42.   115.25  73.25  23.25 197.5  142.75  38.    23.25  41.5
  79.5   50.5   86.5   71.5   64.25 106.    61.25  37.75 158.25 120.75
 146.75  38.75 177.75  90.25  76.5   79.5   93.5   84.75  62.5  149.75]
Individuo 3: Media: 89.15833333333333, Desvio Padrão: 46.366406810918136
[141.75  42.   115.25  73.25  23.25 197.5  142.75  38.    23.25  41.5
  79.5   50.5   86.5   71.5   64.25 106.    61.25  37.75 158.25 120.75
 146.75  38.75 177.75  90.25  76.5   79.5   93.5   84.75  62.5  149.75]
Individuo 4: Media: 89.15833333333333, Desvio Padrão: 46.366406810918136
[141.75  42.   115.25  73.25  23.25 197.5  142.75  38.    23.25  41.5
  79.5   50.5   86.5   71.5   64.25 106.    61.25  37.75 158.25 120.75
 146.75  38.75 177.75  90.25  76.5   79.5   93.5   84.75  62.5  149.75]
Individuo 5: Media: 89.15833333333333, Desvio Padrão: 46.366406810918136
[141.75  42.   115.25  73.25  23.25 197.5  142.75  38.    23.25  41.5
  79.5   50.5   86.5   71.5   64.25 106.    61.25  37.75 158.25 120.75
 146.75  38.75 177.75  90.25  76.5   79.5   93.5   84.75  62.5  149.75]
Individuo 6: Media: 89.15833333333333, Desvio Padrão: 46.366406810918136
[141.75  42.   115.25  73.25  23.25 197.5  142.75  38.    23.25  41.5
  79.5   50.5   86.5   71.5   64.25 106.    61.25  37.75 158.25 120.75
 146.75  38.75 177.75  90.25  76.5   79.5   93.5   84.75  62.5  149.75]
Individuo 7: Media: 89.15833333333333, Desvio Padrão: 46.366406810918136
[141.75  42.   115.25  73.25  23.25 197.5  142.75  38.    23.25  41.5
  79.5   50.5   86.5   71.5   64.25 106.    61.25  37.75 158.25 120.75
 146.75  38.75 177.75  90.25  76.5   79.5   93.5   84.75  62.5  149.75]
Individuo 8: Media: 89.15833333333333, Desvio Padrão: 46.366406810918136
[141.75  42.   115.25  73.25  23.25 197.5  142.75  38.    23.25  41.5
  79.5   50.5   86.5   71.5   64.25 106.    61.25  37.75 158.25 120.75
 146.75  38.75 177.75  90.25  76.5   79.5   93.5   84.75  62.5  149.75]
Individuo 9: Media: 89.15833333333333, Desvio Padrão: 46.366406810918136
[141.75  42.   115.25  73.25  23.25 197.5  142.75  38.    23.25  41.5
  79.5   50.5   86.5   71.5   64.25 106.    61.25  37.75 158.25 120.75
 146.75  38.75 177.75  90.25  76.5   79.5   93.5   84.75  62.5  149.75]
Individuo 10: Media: 89.15833333333333, Desvio Padrão: 46.366406810918136
[141.75  42.   115.25  73.25  23.25 197.5  142.75  38.    23.25  41.5
  79.5   50.5   86.5   71.5   64.25 106.    61.25  37.75 158.25 120.75
 146.75  38.75 177.75  90.25  76.5   79.5   93.5   84.75  62.5  149.75]
Individuo 11: Media: 89.15833333333333, Desvio Padrão: 46.366406810918136
[141.75  42.   115.25  73.25  23.25 197.5  142.75  38.    23.25  41.5
  79.5   50.5   86.5   71.5   64.25 106.    61.25  37.75 158.25 120.75
 146.75  38.75 177.75  90.25  76.5   79.5   93.5   84.75  62.5  149.75]
Individuo 12: Media: 89.15833333333333, Desvio Padrão: 46.366406810918136
[141.75  42.   115.25  73.25  23.25 197.5  142.75  38.    23.25  41.5
  79.5   50.5   86.5   71.5   64.25 106.    61.25  37.75 158.25 120.75
 146.75  38.75 177.75  90.25  76.5   79.5   93.5   84.75  62.5  149.75]
Individuo 13: Media: 89.15833333333333, Desvio Padrão: 46.366406810918136
[141.75  42.   115.25  73.25  23.25 197.5  142.75  38.    23.25  41.5
  79.5   50.5   86.5   71.5   64.25 106.    61.25  37.75 158.25 120.75
 146.75  38.75 177.75  90.25  76.5   79.5   93.5   84.75  62.5  149.75]
Individuo 14: Media: 89.15833333333333, Desvio Padrão: 46.366406810918136
[141.75  42.   115.25  73.25  23.25 197.5  142.75  38.    23.25  41.5
  79.5   50.5   86.5   71.5   64.25 106.    61.25  37.75 158.25 120.75
 146.75  38.75 177.75  90.25  76.5   79.5   93.5   84.75  62.5  149.75]
Individuo 15: Media: 89.15833333333333, Desvio Padrão: 46.366406810918136
[141.75  42.   115.25  73.25  23.25 197.5  142.75  38.    23.25  41.5
  79.5   50.5   86.5   71.5   64.25 106.    61.25  37.75 158.25 120.75
 146.75  38.75 177.75  90.25  76.5   79.5   93.5   84.75  62.5  149.75]
Individuo 16: Media: 89.15833333333333, Desvio Padrão: 46.366406810918136
[141.75  42.   115.25  73.25  23.25 197.5  142.75  38.    23.25  41.5
  79.5   50.5   86.5   71.5   64.25 106.    61.25  37.75 158.25 120.75
 146.75  38.75 177.75  90.25  76.5   79.5   93.5   84.75  62.5  149.75]
Individuo 17: Media: 89.15833333333333, Desvio Padrão: 46.366406810918136
[141.75  42.   115.25  73.25  23.25 197.5  142.75  38.    23.25  41.5
  79.5   50.5   86.5   71.5   64.25 106.    61.25  37.75 158.25 120.75
 146.75  38.75 177.75  90.25  76.5   79.5   93.5   84.75  62.5  149.75]
Individuo 18: Media: 89.15833333333333, Desvio Padrão: 46.366406810918136
[141.75  42.   115.25  73.25  23.25 197.5  142.75  38.    23.25  41.5
  79.5   50.5   86.5   71.5   64.25 106.    61.25  37.75 158.25 120.75
 146.75  38.75 177.75  90.25  76.5   79.5   93.5   84.75  62.5  149.75]
Individuo 19: Media: 89.15833333333333, Desvio Padrão: 46.366406810918136
[141.75  42.   115.25  73.25  23.25 197.5  142.75  38.    23.25  41.5
  79.5   50.5   86.5   71.5   64.25 106.    61.25  37.75 158.25 120.75
 146.75  38.75 177.75  90.25  76.5   79.5   93.5   84.75  62.5  149.75]
Individuo 20: Media: 89.15833333333333, Desvio Padrão: 46.366406810918136
[141.75  42.   115.25  73.25  23.25 197.5  142.75  38.    23.25  41.5
  79.5   50.5   86.5   71.5   64.25 106.    61.25  37.75 158.25 120.75
 146.75  38.75 177.75  90.25  76.5   79.5   93.5   84.75  62.5  149.75]
Individuo 21: Media: 89.15833333333333, Desvio Padrão: 46.366406810918136
[141.75  42.   115.25  73.25  23.25 197.5  142.75  38.    23.25  41.5
  79.5   50.5   86.5   71.5   64.25 106.    61.25  37.75 158.25 120.75
 146.75  38.75 177.75  90.25  76.5   79.5   93.5   84.75  62.5  149.75]
Individuo 22: Media: 89.15833333333333, Desvio Padrão: 46.366406810918136
[141.75  42.   115.25  73.25  23.25 197.5  142.75  38.    23.25  41.5
  79.5   50.5   86.5   71.5   64.25 106.    61.25  37.75 158.25 120.75
 146.75  38.75 177.75  90.25  76.5   79.5   93.5   84.75  62.5  149.75]
Individuo 23: Media: 89.15833333333333, Desvio Padrão: 46.366406810918136
[141.75  42.   115.25  73.25  23.25 197.5  142.75  38.    23.25  41.5
  79.5   50.5   86.5   71.5   64.25 106.    61.25  37.75 158.25 120.75
 146.75  38.75 177.75  90.25  76.5   79.5   93.5   84.75  62.5  149.75]
Individuo 24: Media: 89.15833333333333, Desvio Padrão: 46.366406810918136
[141.75  42.   115.25  73.25  23.25 197.5  142.75  38.    23.25  41.5
  79.5   50.5   86.5   71.5   64.25 106.    61.25  37.75 158.25 120.75
 146.75  38.75 177.75  90.25  76.5   79.5   93.5   84.75  62.5  149.75]
Individuo 25: Media: 89.15833333333333, Desvio Padrão: 46.366406810918136
[141.75  42.   115.25  73.25  23.25 197.5  142.75  38.    23.25  41.5
  79.5   50.5   86.5   71.5   64.25 106.    61.25  37.75 158.25 120.75
 146.75  38.75 177.75  90.25  76.5   79.5   93.5   84.75  62.5  149.75]
Individuo 26: Media: 89.15833333333333, Desvio Padrão: 46.366406810918136
[141.75  42.   115.25  73.25  23.25 197.5  142.75  38.    23.25  41.5
  79.5   50.5   86.5   71.5   64.25 106.    61.25  37.75 158.25 120.75
 146.75  38.75 177.75  90.25  76.5   79.5   93.5   84.75  62.5  149.75]
Individuo 27: Media: 89.15833333333333, Desvio Padrão: 46.366406810918136
[141.75  42.   115.25  73.25  23.25 197.5  142.75  38.    23.25  41.5
  79.5   50.5   86.5   71.5   64.25 106.    61.25  37.75 158.25 120.75
 146.75  38.75 177.75  90.25  76.5   79.5   93.5   84.75  62.5  149.75]
Individuo 28: Media: 89.15833333333333, Desvio Padrão: 46.366406810918136
[141.75  42.   115.25  73.25  23.25 197.5  142.75  38.    23.25  41.5
  79.5   50.5   86.5   71.5   64.25 106.    61.25  37.75 158.25 120.75
 146.75  38.75 177.75  90.25  76.5   79.5   93.5   84.75  62.5  149.75]
Individuo 29: Media: 89.15833333333333, Desvio Padrão: 46.366406810918136
[141.75  42.   115.25  73.25  23.25 197.5  142.75  38.    23.25  41.5
  79.5   50.5   86.5   71.5   64.25 106.    61.25  37.75 158.25 120.75
 146.75  38.75 177.75  90.25  76.5   79.5   93.5   84.75  62.5  149.75]
Individuo 30: Media: 89.15833333333333, Desvio Padrão: 46.366406810918136
[141.75  42.   115.25  73.25  23.25 197.5  142.75  38.    23.25  41.5
  79.5   50.5   86.5   71.5   64.25 106.    61.25  37.75 158.25 120.75
 146.75  38.75 177.75  90.25  76.5   79.5   93.5   84.75  62.5  149.75]
Individuo 31: Media: 89.15833333333333, Desvio Padrão: 46.366406810918136
[141.75  42.   115.25  73.25  23.25 197.5  142.75  38.    23.25  41.5
  79.5   50.5   86.5   71.5   64.25 106.    61.25  37.75 158.25 120.75
 146.75  38.75 177.75  90.25  76.5   79.5   93.5   84.75  62.5  149.75]
Individuo 32: Media: 89.15833333333333, Desvio Padrão: 46.366406810918136
[141.75  42.   115.25  73.25  23.25 197.5  142.75  38.    23.25  41.5
  79.5   50.5   86.5   71.5   64.25 106.    61.25  37.75 158.25 120.75
 146.75  38.75 177.75  90.25  76.5   79.5   93.5   84.75  62.5  149.75]
Individuo 33: Media: 89.15833333333333, Desvio Padrão: 46.366406810918136
[141.75  42.   115.25  73.25  23.25 197.5  142.75  38.    23.25  41.5
  79.5   50.5   86.5   71.5   64.25 106.    61.25  37.75 158.25 120.75
 146.75  38.75 177.75  90.25  76.5   79.5   93.5   84.75  62.5  149.75]
Individuo 34: Media: 89.15833333333333, Desvio Padrão: 46.366406810918136
[141.75  42.   115.25  73.25  23.25 197.5  142.75  38.    23.25  41.5
  79.5   50.5   86.5   71.5   64.25 106.    61.25  37.75 158.25 120.75
 146.75  38.75 177.75  90.25  76.5   79.5   93.5   84.75  62.5  149.75]
Individuo 35: Media: 89.15833333333333, Desvio Padrão: 46.366406810918136
[141.75  42.   115.25  73.25  23.25 197.5  142.75  38.    23.25  41.5
  79.5   50.5   86.5   71.5   64.25 106.    61.25  37.75 158.25 120.75
 146.75  38.75 177.75  90.25  76.5   79.5   93.5   84.75  62.5  149.75]
Individuo 36: Media: 89.15833333333333, Desvio Padrão: 46.366406810918136
[141.75  42.   115.25  73.25  23.25 197.5  142.75  38.    23.25  41.5
  79.5   50.5   86.5   71.5   64.25 106.    61.25  37.75 158.25 120.75
 146.75  38.75 177.75  90.25  76.5   79.5   93.5   84.75  62.5  149.75]
Individuo 37: Media: 89.15833333333333, Desvio Padrão: 46.366406810918136
[141.75  42.   115.25  73.25  23.25 197.5  142.75  38.    23.25  41.5
  79.5   50.5   86.5   71.5   64.25 106.    61.25  37.75 158.25 120.75
 146.75  38.75 177.75  90.25  76.5   79.5   93.5   84.75  62.5  149.75]
Individuo 38: Media: 89.15833333333333, Desvio Padrão: 46.366406810918136
[141.75  42.   115.25  73.25  23.25 197.5  142.75  38.    23.25  41.5
  79.5   50.5   86.5   71.5   64.25 106.    61.25  37.75 158.25 120.75
 146.75  38.75 177.75  90.25  76.5   79.5   93.5   84.75  62.5  149.75]
Individuo 39: Media: 89.15833333333333, Desvio Padrão: 46.366406810918136
[141.75  42.   115.25  73.25  23.25 197.5  142.75  38.    23.25  41.5
  79.5   50.5   86.5   71.5   64.25 106.    61.25  37.75 158.25 120.75
 146.75  38.75 177.75  90.25  76.5   79.5   93.5   84.75  62.5  149.75]
Individuo 40: Media: 89.15833333333333, Desvio Padrão: 46.366406810918136
[141.75  42.   115.25  73.25  23.25 197.5  142.75  38.    23.25  41.5
  79.5   50.5   86.5   71.5   64.25 106.    61.25  37.75 158.25 120.75
 146.75  38.75 177.75  90.25  76.5   79.5   93.5   84.75  62.5  149.75]
Individuo 41: Media: 89.15833333333333, Desvio Padrão: 46.366406810918136
[141.75  42.   115.25  73.25  23.25 197.5  142.75  38.    23.25  41.5
  79.5   50.5   86.5   71.5   64.25 106.    61.25  37.75 158.25 120.75
 146.75  38.75 177.75  90.25  76.5   79.5   93.5   84.75  62.5  149.75]
Individuo 42: Media: 89.15833333333333, Desvio Padrão: 46.366406810918136
[141.75  42.   115.25  73.25  23.25 197.5  142.75  38.    23.25  41.5
  79.5   50.5   86.5   71.5   64.25 106.    61.25  37.75 158.25 120.75
 146.75  38.75 177.75  90.25  76.5   79.5   93.5   84.75  62.5  149.75]
Individuo 43: Media: 89.15833333333333, Desvio Padrão: 46.366406810918136
[141.75  42.   115.25  73.25  23.25 197.5  142.75  38.    23.25  41.5
  79.5   50.5   86.5   71.5   64.25 106.    61.25  37.75 158.25 120.75
 146.75  38.75 177.75  90.25  76.5   79.5   93.5   84.75  62.5  149.75]
Individuo 44: Media: 89.15833333333333, Desvio Padrão: 46.366406810918136
[141.75  42.   115.25  73.25  23.25 197.5  142.75  38.    23.25  41.5
  79.5   50.5   86.5   71.5   64.25 106.    61.25  37.75 158.25 120.75
 146.75  38.75 177.75  90.25  76.5   79.5   93.5   84.75  62.5  149.75]
Individuo 45: Media: 89.15833333333333, Desvio Padrão: 46.366406810918136
[141.75  42.   115.25  73.25  23.25 197.5  142.75  38.    23.25  41.5
  79.5   50.5   86.5   71.5   64.25 106.    61.25  37.75 158.25 120.75
 146.75  38.75 177.75  90.25  76.5   79.5   93.5   84.75  62.5  149.75]
Individuo 46: Media: 89.15833333333333, Desvio Padrão: 46.366406810918136
[141.75  42.   115.25  73.25  23.25 197.5  142.75  38.    23.25  41.5
  79.5   50.5   86.5   71.5   64.25 106.    61.25  37.75 158.25 120.75
 146.75  38.75 177.75  90.25  76.5   79.5   93.5   84.75  62.5  149.75]
Individuo 47: Media: 89.15833333333333, Desvio Padrão: 46.366406810918136
[141.75  42.   115.25  73.25  23.25 197.5  142.75  38.    23.25  41.5
  79.5   50.5   86.5   71.5   64.25 106.    61.25  37.75 158.25 120.75
 146.75  38.75 177.75  90.25  76.5   79.5   93.5   84.75  62.5  149.75]
Individuo 48: Media: 89.15833333333333, Desvio Padrão: 46.366406810918136
[141.75  42.   115.25  73.25  23.25 197.5  142.75  38.    23.25  41.5
  79.5   50.5   86.5   71.5   64.25 106.    61.25  37.75 158.25 120.75
 146.75  38.75 177.75  90.25  76.5   79.5   93.5   84.75  62.5  149.75]
Individuo 49: Media: 89.15833333333333, Desvio Padrão: 46.366406810918136
[141.75  42.   115.25  73.25  23.25 197.5  142.75  38.    23.25  41.5
  79.5   50.5   86.5   71.5   64.25 106.    61.25  37.75 158.25 120.75
 146.75  38.75 177.75  90.25  76.5   79.5   93.5   84.75  62.5  149.75]
Individuo 50: Media: 89.15833333333333, Desvio Padrão: 46.366406810918136
[141.75  42.   115.25  73.25  23.25 197.5  142.75  38.    23.25  41.5
  79.5   50.5   86.5   71.5   64.25 106.    61.25  37.75 158.25 120.75
 146.75  38.75 177.75  90.25  76.5   79.5   93.5   84.75  62.5  149.75]
Individuo 51: Media: 89.15833333333333, Desvio Padrão: 46.366406810918136
[141.75  42.   115.25  73.25  23.25 197.5  142.75  38.    23.25  41.5
  79.5   50.5   86.5   71.5   64.25 106.    61.25  37.75 158.25 120.75
 146.75  38.75 177.75  90.25  76.5   79.5   93.5   84.75  62.5  149.75]
Individuo 52: Media: 89.15833333333333, Desvio Padrão: 46.366406810918136
[141.75  42.   115.25  73.25  23.25 197.5  142.75  38.    23.25  41.5
  79.5   50.5   86.5   71.5   64.25 106.    61.25  37.75 158.25 120.75
 146.75  38.75 177.75  90.25  76.5   79.5   93.5   84.75  62.5  149.75]
Individuo 53: Media: 89.15833333333333, Desvio Padrão: 46.366406810918136
[141.75  42.   115.25  73.25  23.25 197.5  142.75  38.    23.25  41.5
  79.5   50.5   86.5   71.5   64.25 106.    61.25  37.75 158.25 120.75
 146.75  38.75 177.75  90.25  76.5   79.5   93.5   84.75  62.5  149.75]
Individuo 54: Media: 89.15833333333333, Desvio Padrão: 46.366406810918136
[141.75  42.   115.25  73.25  23.25 197.5  142.75  38.    23.25  41.5
  79.5   50.5   86.5   71.5   64.25 106.    61.25  37.75 158.25 120.75
 146.75  38.75 177.75  90.25  76.5   79.5   93.5   84.75  62.5  149.75]
Individuo 55: Media: 89.15833333333333, Desvio Padrão: 46.366406810918136
[141.75  42.   115.25  73.25  23.25 197.5  142.75  38.    23.25  41.5
  79.5   50.5   86.5   71.5   64.25 106.    61.25  37.75 158.25 120.75
 146.75  38.75 177.75  90.25  76.5   79.5   93.5   84.75  62.5  149.75]
Individuo 56: Media: 89.15833333333333, Desvio Padrão: 46.366406810918136
[141.75  42.   115.25  73.25  23.25 197.5  142.75  38.    23.25  41.5
  79.5   50.5   86.5   71.5   64.25 106.    61.25  37.75 158.25 120.75
 146.75  38.75 177.75  90.25  76.5   79.5   93.5   84.75  62.5  149.75]
Individuo 57: Media: 89.15833333333333, Desvio Padrão: 46.366406810918136
[141.75  42.   115.25  73.25  23.25 197.5  142.75  38.    23.25  41.5
  79.5   50.5   86.5   71.5   64.25 106.    61.25  37.75 158.25 120.75
 146.75  38.75 177.75  90.25  76.5   79.5   93.5   84.75  62.5  149.75]
Individuo 58: Media: 89.15833333333333, Desvio Padrão: 46.366406810918136
[141.75  42.   115.25  73.25  23.25 197.5  142.75  38.    23.25  41.5
  79.5   50.5   86.5   71.5   64.25 106.    61.25  37.75 158.25 120.75
 146.75  38.75 177.75  90.25  76.5   79.5   93.5   84.75  62.5  149.75]
Individuo 59: Media: 89.15833333333333, Desvio Padrão: 46.366406810918136
[141.75  42.   115.25  73.25  23.25 197.5  142.75  38.    23.25  41.5
  79.5   50.5   86.5   71.5   64.25 106.    61.25  37.75 158.25 120.75
 146.75  38.75 177.75  90.25  76.5   79.5   93.5   84.75  62.5  149.75]
Individuo 60: Media: 89.15833333333333, Desvio Padrão: 46.366406810918136
[141.75  42.   115.25  73.25  23.25 197.5  142.75  38.    23.25  41.5
  79.5   50.5   86.5   71.5   64.25 106.    61.25  37.75 158.25 120.75
 146.75  38.75 177.75  90.25  76.5   79.5   93.5   84.75  62.5  149.75]
Individuo 61: Media: 89.15833333333333, Desvio Padrão: 46.366406810918136
[141.75  42.   115.25  73.25  23.25 197.5  142.75  38.    23.25  41.5
  79.5   50.5   86.5   71.5   64.25 106.    61.25  37.75 158.25 120.75
 146.75  38.75 177.75  90.25  76.5   79.5   93.5   84.75  62.5  149.75]
Individuo 62: Media: 89.15833333333333, Desvio Padrão: 46.366406810918136
[141.75  42.   115.25  73.25  23.25 197.5  142.75  38.    23.25  41.5
  79.5   50.5   86.5   71.5   64.25 106.    61.25  37.75 158.25 120.75
 146.75  38.75 177.75  90.25  76.5   79.5   93.5   84.75  62.5  149.75]
Individuo 63: Media: 89.15833333333333, Desvio Padrão: 46.366406810918136
[141.75  42.   115.25  73.25  23.25 197.5  142.75  38.    23.25  41.5
  79.5   50.5   86.5   71.5   64.25 106.    61.25  37.75 158.25 120.75
 146.75  38.75 177.75  90.25  76.5   79.5   93.5   84.75  62.5  149.75]
Individuo 64: Media: 89.15833333333333, Desvio Padrão: 46.366406810918136
[141.75  42.   115.25  73.25  23.25 197.5  142.75  38.    23.25  41.5
  79.5   50.5   86.5   71.5   64.25 106.    61.25  37.75 158.25 120.75
 146.75  38.75 177.75  90.25  76.5   79.5   93.5   84.75  62.5  149.75]
Individuo 65: Media: 89.15833333333333, Desvio Padrão: 46.366406810918136
[141.75  42.   115.25  73.25  23.25 197.5  142.75  38.    23.25  41.5
  79.5   50.5   86.5   71.5   64.25 106.    61.25  37.75 158.25 120.75
 146.75  38.75 177.75  90.25  76.5   79.5   93.5   84.75  62.5  149.75]
Individuo 66: Media: 89.15833333333333, Desvio Padrão: 46.366406810918136
[141.75  42.   115.25  73.25  23.25 197.5  142.75  38.    23.25  41.5
  79.5   50.5   86.5   71.5   64.25 106.    61.25  37.75 158.25 120.75
 146.75  38.75 177.75  90.25  76.5   79.5   93.5   84.75  62.5  149.75]
Individuo 67: Media: 89.15833333333333, Desvio Padrão: 46.366406810918136
[141.75  42.   115.25  73.25  23.25 197.5  142.75  38.    23.25  41.5
  79.5   50.5   86.5   71.5   64.25 106.    61.25  37.75 158.25 120.75
 146.75  38.75 177.75  90.25  76.5   79.5   93.5   84.75  62.5  149.75]
Individuo 68: Media: 89.15833333333333, Desvio Padrão: 46.366406810918136
[141.75  42.   115.25  73.25  23.25 197.5  142.75  38.    23.25  41.5
  79.5   50.5   86.5   71.5   64.25 106.    61.25  37.75 158.25 120.75
 146.75  38.75 177.75  90.25  76.5   79.5   93.5   84.75  62.5  149.75]
Individuo 69: Media: 89.15833333333333, Desvio Padrão: 46.366406810918136
[141.75  42.   115.25  73.25  23.25 197.5  142.75  38.    23.25  41.5
  79.5   50.5   86.5   71.5   64.25 106.    61.25  37.75 158.25 120.75
 146.75  38.75 177.75  90.25  76.5   79.5   93.5   84.75  62.5  149.75]
Individuo 70: Media: 89.15833333333333, Desvio Padrão: 46.366406810918136
[141.75  42.   115.25  73.25  23.25 197.5  142.75  38.    23.25  41.5
  79.5   50.5   86.5   71.5   64.25 106.    61.25  37.75 158.25 120.75
 146.75  38.75 177.75  90.25  76.5   79.5   93.5   84.75  62.5  149.75]
Individuo 71: Media: 89.15833333333333, Desvio Padrão: 46.366406810918136
[141.75  42.   115.25  73.25  23.25 197.5  142.75  38.    23.25  41.5
  79.5   50.5   86.5   71.5   64.25 106.    61.25  37.75 158.25 120.75
 146.75  38.75 177.75  90.25  76.5   79.5   93.5   84.75  62.5  149.75]
Individuo 72: Media: 89.15833333333333, Desvio Padrão: 46.366406810918136
[141.75  42.   115.25  73.25  23.25 197.5  142.75  38.    23.25  41.5
  79.5   50.5   86.5   71.5   64.25 106.    61.25  37.75 158.25 120.75
 146.75  38.75 177.75  90.25  76.5   79.5   93.5   84.75  62.5  149.75]
Individuo 73: Media: 89.15833333333333, Desvio Padrão: 46.366406810918136
[141.75  42.   115.25  73.25  23.25 197.5  142.75  38.    23.25  41.5
  79.5   50.5   86.5   71.5   64.25 106.    61.25  37.75 158.25 120.75
 146.75  38.75 177.75  90.25  76.5   79.5   93.5   84.75  62.5  149.75]
Individuo 74: Media: 89.15833333333333, Desvio Padrão: 46.366406810918136
[141.75  42.   115.25  73.25  23.25 197.5  142.75  38.    23.25  41.5
  79.5   50.5   86.5   71.5   64.25 106.    61.25  37.75 158.25 120.75
 146.75  38.75 177.75  90.25  76.5   79.5   93.5   84.75  62.5  149.75]
Individuo 75: Media: 89.15833333333333, Desvio Padrão: 46.366406810918136
[141.75  42.   115.25  73.25  23.25 197.5  142.75  38.    23.25  41.5
  79.5   50.5   86.5   71.5   64.25 106.    61.25  37.75 158.25 120.75
 146.75  38.75 177.75  90.25  76.5   79.5   93.5   84.75  62.5  149.75]
Individuo 76: Media: 89.15833333333333, Desvio Padrão: 46.366406810918136
[141.75  42.   115.25  73.25  23.25 197.5  142.75  38.    23.25  41.5
  79.5   50.5   86.5   71.5   64.25 106.    61.25  37.75 158.25 120.75
 146.75  38.75 177.75  90.25  76.5   79.5   93.5   84.75  62.5  149.75]
Individuo 77: Media: 89.15833333333333, Desvio Padrão: 46.366406810918136
[141.75  42.   115.25  73.25  23.25 197.5  142.75  38.    23.25  41.5
  79.5   50.5   86.5   71.5   64.25 106.    61.25  37.75 158.25 120.75
 146.75  38.75 177.75  90.25  76.5   79.5   93.5   84.75  62.5  149.75]
Individuo 78: Media: 89.15833333333333, Desvio Padrão: 46.366406810918136
[141.75  42.   115.25  73.25  23.25 197.5  142.75  38.    23.25  41.5
  79.5   50.5   86.5   71.5   64.25 106.    61.25  37.75 158.25 120.75
 146.75  38.75 177.75  90.25  76.5   79.5   93.5   84.75  62.5  149.75]
Individuo 79: Media: 89.15833333333333, Desvio Padrão: 46.366406810918136
[141.75  42.   115.25  73.25  23.25 197.5  142.75  38.    23.25  41.5
  79.5   50.5   86.5   71.5   64.25 106.    61.25  37.75 158.25 120.75
 146.75  38.75 177.75  90.25  76.5   79.5   93.5   84.75  62.5  149.75]
Individuo 80: Media: 89.15833333333333, Desvio Padrão: 46.366406810918136
[141.75  42.   115.25  73.25  23.25 197.5  142.75  38.    23.25  41.5
  79.5   50.5   86.5   71.5   64.25 106.    61.25  37.75 158.25 120.75
 146.75  38.75 177.75  90.25  76.5   79.5   93.5   84.75  62.5  149.75]
Individuo 81: Media: 89.15833333333333, Desvio Padrão: 46.366406810918136
[141.75  42.   115.25  73.25  23.25 197.5  142.75  38.    23.25  41.5
  79.5   50.5   86.5   71.5   64.25 106.    61.25  37.75 158.25 120.75
 146.75  38.75 177.75  90.25  76.5   79.5   93.5   84.75  62.5  149.75]
Individuo 82: Media: 89.15833333333333, Desvio Padrão: 46.366406810918136
[141.75  42.   115.25  73.25  23.25 197.5  142.75  38.    23.25  41.5
  79.5   50.5   86.5   71.5   64.25 106.    61.25  37.75 158.25 120.75
 146.75  38.75 177.75  90.25  76.5   79.5   93.5   84.75  62.5  149.75]
Individuo 83: Media: 89.15833333333333, Desvio Padrão: 46.366406810918136
[141.75  42.   115.25  73.25  23.25 197.5  142.75  38.    23.25  41.5
  79.5   50.5   86.5   71.5   64.25 106.    61.25  37.75 158.25 120.75
 146.75  38.75 177.75  90.25  76.5   79.5   93.5   84.75  62.5  149.75]
Individuo 84: Media: 89.15833333333333, Desvio Padrão: 46.366406810918136
[141.75  42.   115.25  73.25  23.25 197.5  142.75  38.    23.25  41.5
  79.5   50.5   86.5   71.5   64.25 106.    61.25  37.75 158.25 120.75
 146.75  38.75 177.75  90.25  76.5   79.5   93.5   84.75  62.5  149.75]
Individuo 85: Media: 89.15833333333333, Desvio Padrão: 46.366406810918136
[141.75  42.   115.25  73.25  23.25 197.5  142.75  38.    23.25  41.5
  79.5   50.5   86.5   71.5   64.25 106.    61.25  37.75 158.25 120.75
 146.75  38.75 177.75  90.25  76.5   79.5   93.5   84.75  62.5  149.75]
Individuo 86: Media: 89.15833333333333, Desvio Padrão: 46.366406810918136
[141.75  42.   115.25  73.25  23.25 197.5  142.75  38.    23.25  41.5
  79.5   50.5   86.5   71.5   64.25 106.    61.25  37.75 158.25 120.75
 146.75  38.75 177.75  90.25  76.5   79.5   93.5   84.75  62.5  149.75]
Individuo 87: Media: 89.15833333333333, Desvio Padrão: 46.366406810918136
[141.75  42.   115.25  73.25  23.25 197.5  142.75  38.    23.25  41.5
  79.5   50.5   86.5   71.5   64.25 106.    61.25  37.75 158.25 120.75
 146.75  38.75 177.75  90.25  76.5   79.5   93.5   84.75  62.5  149.75]
Individuo 88: Media: 89.15833333333333, Desvio Padrão: 46.366406810918136
[141.75  42.   115.25  73.25  23.25 197.5  142.75  38.    23.25  41.5
  79.5   50.5   86.5   71.5   64.25 106.    61.25  37.75 158.25 120.75
 146.75  38.75 177.75  90.25  76.5   79.5   93.5   84.75  62.5  149.75]
Individuo 89: Media: 89.15833333333333, Desvio Padrão: 46.366406810918136
[141.75  42.   115.25  73.25  23.25 197.5  142.75  38.    23.25  41.5
  79.5   50.5   86.5   71.5   64.25 106.    61.25  37.75 158.25 120.75
 146.75  38.75 177.75  90.25  76.5   79.5   93.5   84.75  62.5  149.75]
Individuo 90: Media: 89.15833333333333, Desvio Padrão: 46.366406810918136
[141.75  42.   115.25  73.25  23.25 197.5  142.75  38.    23.25  41.5
  79.5   50.5   86.5   71.5   64.25 106.    61.25  37.75 158.25 120.75
 146.75  38.75 177.75  90.25  76.5   79.5   93.5   84.75  62.5  149.75]
Individuo 91: Media: 89.15833333333333, Desvio Padrão: 46.366406810918136
[141.75  42.   115.25  73.25  23.25 197.5  142.75  38.    23.25  41.5
  79.5   50.5   86.5   71.5   64.25 106.    61.25  37.75 158.25 120.75
 146.75  38.75 177.75  90.25  76.5   79.5   93.5   84.75  62.5  149.75]
Individuo 92: Media: 89.15833333333333, Desvio Padrão: 46.366406810918136
[141.75  42.   115.25  73.25  23.25 197.5  142.75  38.    23.25  41.5
  79.5   50.5   86.5   71.5   64.25 106.    61.25  37.75 158.25 120.75
 146.75  38.75 177.75  90.25  76.5   79.5   93.5   84.75  62.5  149.75]
Individuo 93: Media: 89.15833333333333, Desvio Padrão: 46.366406810918136
[141.75  42.   115.25  73.25  23.25 197.5  142.75  38.    23.25  41.5
  79.5   50.5   86.5   71.5   64.25 106.    61.25  37.75 158.25 120.75
 146.75  38.75 177.75  90.25  76.5   79.5   93.5   84.75  62.5  149.75]
Individuo 94: Media: 89.15833333333333, Desvio Padrão: 46.366406810918136
[141.75  42.   115.25  73.25  23.25 197.5  142.75  38.    23.25  41.5
  79.5   50.5   86.5   71.5   64.25 106.    61.25  37.75 158.25 120.75
 146.75  38.75 177.75  90.25  76.5   79.5   93.5   84.75  62.5  149.75]
Individuo 95: Media: 89.15833333333333, Desvio Padrão: 46.366406810918136
[141.75  42.   115.25  73.25  23.25 197.5  142.75  38.    23.25  41.5
  79.5   50.5   86.5   71.5   64.25 106.    61.25  37.75 158.25 120.75
 146.75  38.75 177.75  90.25  76.5   79.5   93.5   84.75  62.5  149.75]
Individuo 96: Media: 89.15833333333333, Desvio Padrão: 46.366406810918136
[141.75  42.   115.25  73.25  23.25 197.5  142.75  38.    23.25  41.5
  79.5   50.5   86.5   71.5   64.25 106.    61.25  37.75 158.25 120.75
 146.75  38.75 177.75  90.25  76.5   79.5   93.5   84.75  62.5  149.75]
Individuo 97: Media: 89.15833333333333, Desvio Padrão: 46.366406810918136
[141.75  42.   115.25  73.25  23.25 197.5  142.75  38.    23.25  41.5
  79.5   50.5   86.5   71.5   64.25 106.    61.25  37.75 158.25 120.75
 146.75  38.75 177.75  90.25  76.5   79.5   93.5   84.75  62.5  149.75]
Individuo 98: Media: 89.15833333333333, Desvio Padrão: 46.366406810918136
[141.75  42.   115.25  73.25  23.25 197.5  142.75  38.    23.25  41.5
  79.5   50.5   86.5   71.5   64.25 106.    61.25  37.75 158.25 120.75
 146.75  38.75 177.75  90.25  76.5   79.5   93.5   84.75  62.5  149.75]
Individuo 99: Media: 89.15833333333333, Desvio Padrão: 46.366406810918136
[141.75  42.   115.25  73.25  23.25 197.5  142.75  38.    23.25  41.5
  79.5   50.5   86.5   71.5   64.25 106.    61.25  37.75 158.25 120.75
 146.75  38.75 177.75  90.25  76.5   79.5   93.5   84.75  62.5  149.75]
Melhor Individuo: 0, Media: 89.15833333333333, Desvio Padrão: 46.366406810918136
[141.75  42.   115.25  73.25  23.25 197.5  142.75  38.    23.25  41.5
  79.5   50.5   86.5   71.5   64.25 106.    61.25  37.75 158.25 120.75
 146.75  38.75 177.75  90.25  76.5   79.5   93.5   84.75  62.5  149.75]
[-0.42246338652867554, -0.8781776889032615, -0.3585324816381077, 0.021051867370951438, 0.37830557887324745, 0.9131488138522146, 0.6847613703233049, 0.5412180412061243, -0.4756447082791353, 0.7018241203672324, -0.21140549360837935, 0.4186051888849667, 0.4278085427463356, 0.70482706154481, 0.5609838285066195, -0.31866112227014054, 0.6079615299658803, -0.38713751943498576, 0.06740141319607407, 0.29273675999569404, -0.882122087930511, 0.5646257515171405, -0.6505449067826157, 0.031488988027951414, 0.8278117304950265, -0.8099039517730069, -0.8225421811901501, -0.8608017812498869, 0.07868777016642658, -0.21962857800708746, -0.1600438957978434, -0.7985848915446716]
[['Aluno', np.float64(2.2410641553257764e-24)], [np.float64(1.862645149230957e-09), 'Prof']]
       0     1
0  Aluno   0.0
1    0.0  Prof
/home/gnizama/Documents/Trab2 - IA/Dino/dinoAIParallel.py:1066: UserWarning: set_ticklabels() should only be used with a fixed number of ticks, i.e. after set_ticks() or using a FixedLocator.
  boxplots.set_xticklabels(["Aluno", "Professor"])
Gráfico salvo como 'boxplot_xprof.png'
Gráfico salvo como 'melhor_resultado_por_iteracao - 500.png'
Gráfico salvo como 'melhor_resultado_por_iteracao - 1000.png'
Gráfico salvo como 'melhor_resultado_por_iteracao.png'

